1400263755168440 | 
770947109358046 | 
2369869513466388 | 
2804724983191821 | 
1376641170420004 | 
1314589827098155 | 
1642347493421335 | 
1929968897901263 | 
1556669158934066 | 
1475624394227104 | 
1446118467308455 | 
2256878631373791 | 
1403060554018869 | 
1879917269333086 | 
920205207339438 | 
9770948089629146 | 
1261962515867076 | 
867711232853709 | 
901968229304849 | 
2315757278836694 | 
845845421212830 | 
1165437515671071 | 
1769329867038990 | 
1271973288326364 | 
763416883480451 | 
1791418434863870 | 
2518859758515780 | 
666364932922860 | 
762123923343432 | 
1599690418043247 | 
797163553411875 | 
1236509638663385 | 
1051299070174928 | 
1187273426263889 | 
4693085324252757 | 
1558870108655512 | 
1941712680558162 | 
1444532577366084 | 
939166195109125 | 
870028959537080 | 
893095970162360 | 
883051988024420 | 
2006917526895117 | 
1916860968953534 | 
1623124562236601 | 
1521206925845678 | 
935734328804564 | 
2158892131597963 | 
2705340643176065 | 
2020631621852863 | 
25574529505539066 | 
1289411963049929 | 
887408720500750 | 
1208306947384002 | 
1119569699940642 | 
1542583123512279 | 
1097374689182100 | 
907150861766462 | 
1240193337868032 | 
1916632289239609 | 
25145693278440179 | 
2225847908224396 | 
1837197440178040 | 
1212833543623139 | 
1727217562048250 | 
937899295564546 | 
2166621067432298 | 
3776261552677632 | 
1262685622383769 | 
1423838875682850 | 
2236187013451644 | 
1619890109004058 | 
1863166037640767 | 
1084421910159214 | 
1153129370100420 | 
903159375701287 | 
1200836635458281 | 
4396162877339693 | 
1945740229626315 | 
793595463243943 | 
1181390166712921 | 
1606703963804618 | 
1348399603975113 | 
1227706059476079 | 
2130063541064751 | 
1325309672957159 | 
1778811570198194 | 
1441549874013929 | 
954153716940889 | 
920401337264898 | 
2449261825491701 | 
912817118339690 | 
4212275619088509 | 
1735393423761633 | 
1827775187932798 | 
1561093505021657 | 
1175734481175741 | 
911786804671108 | 
1230699739107671 | 
1832690747510617 | 
975507441804527 | 
1788676681816380 | 
1265204374772298 | 
2366355037214823 | 
1187887166072671 | 
774598068703212 | 
896631243056478 | 
2385413921884063 | 
937256792088627 | 
1546677239673465 | 
2028411291347774 | 
25758954533712525 | 
2587647134930242 | 
1991854908341207 | 
883016137908704 | 
1918325472091472 | 
10038488869530043 | 
1745122626147341 | 
935885044714655 | 
3758850840918510 | 
25567316909627812 | 
1365550608928523 | 
3160258887487906 | 
2571451559918851 | 
1459801289183202 | 
1887742548685172 | 
4342927725980088 | 
1530430655369180 | 
913341921676609 | 
2128109434691666 | 
900979826439725 | 
1617422436096894 | 
928725766312498 | 
1290401606143467 | 
1134763868642069 | 
1930164994560261 | 
759617730231995 | 
1286722516670803 | 
2008967476691975 | 
1253679980155555 | 
947984107902909 | 
1499238571334371 | 
1088495166579086 | 
1311167517500588 | 
1674042563973313 | 
848788214419423 | 
1174139471315748 | 
779770421845895 | 
1496926248042306 | 
894302193379719 | 
1920300132205102 | 
1649893433109679 | 
3828574537276808 | 
2030364640860910 | 
859210136433342 | 
1670095850659285 | 
1883043599306682 | 
1367604575247116 | 
679144928578333 | 
1202264951783555 | 
1019030214622836 | 
1218361293516158 | 
5302035593164804 | 
951364910567174 | 
892418180060855 | 
736353875392137 | 
2039538643256952 | 
1722530585384922 | 
913802044685294 | 
1636957237303175 | 
1532695901292733 | 
1454323289556628 | 
893605906597969 | 
2671692433191309 | 
1476330533358336 | 
1450725413500302 | 
2105974543545656 | 
406445708530078 | 
923383743945795 | 
1964741227483769 | 
1136684785201553 | 
3012399315630971 | 
25889104927390760 | 
917980727520846 | 
1317619970515510 | 
1566756564587129 | 
1219772886648882 | 
1470896701095539 | 
1568269390992844 | 
1351955966671833 | 
846420328331014 | 
2813899635653067 | 
2291473378027607 | 
25934033252924524 | 
1638564494153501 | 
1282719933709282 | 
3104071829795046 | 
1303190178496413 | 
820265650757991 | 
3056055594783971 | 
775580018588231 | 
1598958368099985 | 
4459182844327637 | 
2067021687556289 | 
994471403755270 | 
1481913117062040 | 
1058737923112017 | 
1936813913897672 | 
1480564473483498 | 
4398120047073142 | 
24689658420736246 | 
455366334080081 | 
1343169634027295 | 
1821306951889425 | 
1249228483807887 | 
1322367252952109 | 
770901159303823 | 
1678771009958702 | 
24261374933560651 | 
1486110349548223 | 
1964984064412708 | 
1484825422818115 | 
1286056886656950 | 
1966843634261770 | 
1183714456917239 | 
844805911350354 | 
2626060107761806 | 
845002198182416 | 
1541075507007178 | 
1852044932121078 | 
1495160228642941 | 
923122626746749 | 
1602718757378025 | 
952693900655342 | 
4032638536956873 | 
881639866282732 | 
1208161848049826 | 
905704818608860 | 
1276448761092633 | 
1327605951682326 | 
913315951057988 | 
1464575594771589 | 
776941865323701 | 
1170186294526429 | 
1505478000572900 | 
3352531458244395 | 
2306705636420524 | 
1377194497424556 | 
820835350737490 | 
1143518194018432 | 
1328131782700365 | 
1236375104736546 | 
1546420663292381 | 
2269536296856867 | 
892324327105779 | 
775610820600665 | 
1341413661349093 | 
1177799034203077 | 
1293331692626039 | 
2442891309502782 | 
1064035619412461 | 
905536542098256 | 
1248612296762361 | 
2047479792691687 | 
1278855747472944 | 
871900382170146 | 
24774211928856120 | 
2281766879014773 | 
1672623610031084 | 
1218277716783138 | 
1430442565209165 | 
909998462009741 | 
1994842331043928 | 
844924981352009 | 
923701270141023 | 
1662265558066688 | 
9884072428373112 | 
882120634345360 | 
1168612742034219 | 
4139070179673695 | 
1193791922946685 | 
2009860099560700 | 
1923793021844789 | 
1605263854121071 | 
767127252485224 | 
1869846787039136 | 
1801249437152061 | 
899221372809430 | 
2872660232929837 | 
1478069893893013 | 
1213512833980751 | 
1362056335376166 | 
1438805297792952 | 
1213335493506569 | 
3069721119894331 | 
1630809027881619 | 
1270240194488691 | 
1975807156670693 | 
3073917496125809 | 
1540477347269863 | 
1403660417734921 | 
1494911808404424 | 
841477045507080 | 
852472280509902 | 
1119387616724212 | 
1559297498527126 | 
1064465422368005 | 
777656928656941 | 
1834360950504158 | 
2065705787594861 | 
1153951560204104 | 
1419514902930344 | 
1439749488154037 | 
25066638156325525 | 
1313893334089790 | 
692087550252275 | 
1539571327140926 | 
26042007998722263 | 
1608854903615880 | 
645552361789678 | 
1464020738028546 | 
852471717242679 | 
813677468206866 | 
889928040540753 | 
1533025637702198 | 
678803955039637 | 
713951881734468 | 
2128562481232604 | 
867494685692106 | 
1981918369298164 | 
815364921607440 | 
2031099231122614 | 
834759965916042 | 
1166829114781222 | 
1161339625522207 | 
1230036005728250 | 
25491746607110686 | 
1425892965835762 | 
1490586382193514 | 
807228988812711 | 
1710266112976686 | 
1135041132172961 | 
4160550894185971 | 
1669539827549327 | 
1568011380866832 | 
1202935801832729 | 
1482419660258119 | 
885733617957671 | 
926795670078732 | 
1517300972844402 | 
1287122096602815 | 
1854148812156857 | 
709896345489575 | 
830747026336395 | 
1987855591788636 | 
1540674110290758 | 
1149639100700020 | 
1346106260025840 | 
1327119215857765 | 
1362437062086877 | 
3197292993785076 | 
1246541167448542 | 
840385458390618 | 
1477783416665596 | 
1088797573169872 | 
1478601040273657 | 
685391513895538 | 
687470663696991 | 
2018008422368372 | 
2842901596067158 | 
864715269266012 | 
24935381746119861 | 
1618992089459540 | 
1511732876755249 | 
886724964111246 | 
833649835820534 | 
4024398324472289 | 
1137527448562084 | 
1178723464222981 | 
1156762983227825 | 
1763921987618226 | 
1904728676933623 | 
1292900709269108 | 
1258552086140035 | 
1488092388902644 | 
1168954764676876 | 
709468748376085 | 
1101798275205410 | 
1359298855739014 | 
1525146968483851 | 
880892064261377 | 
1170311401297749 | 
1341387584311167 | 
761489180276037 | 
25307078452256554 | 
876186511512154 | 
833494345892638 | 
1405355407778159 | 
1496497844764420 | 
4415966675356119 | 
1537723037447434 | 
1549364582760433 | 
1310207737620988 | 
1438459187848844 | 
647490068175762 | 
831745619914295 | 
882599580759267 | 
958924519986065 | 
1551053149244657 | 
2821415321525073 | 
867008345972704 | 
1403121855156934 | 
688005491033795 | 
1821266068753981 | 
2143599819500788 | 
1161490782168874 | 
2148652319296040 | 
1402184387990377 | 
26076976268622042 | 
1332696824652833 | 
1898698817382488 | 
1564879971471770 | 
1680384443318967 | 
25314422088183344 | 
2606585379774115 | 
1140381034942614 | 
1321438062643523 | 
3077199222464096 | 
1587897071875103 | 
3170096756481290 | 
1034314702153819 | 
1546878983418854 | 
1754305318586166 | 
1552356369511772 | 
2686796785001030 | 
825126573652527 | 
1942617539971155 | 
1367530984414803 | 
811244351792702 | 
2042709983161337 | 
758660210523791 | 
1485852435853581 | 
1891023365167505 | 
1628855708425787 | 
657532137313284 | 
1522074835602156 | 
2557894021251876 | 
860305903256960 | 
1598263601389229 | 
1604003110743866 | 
4124764167783595 | 
2002452530539031 | 
2241680886300340 | 
4090130847905206 | 
1182913083748828 | 
824958453844767 | 
1368955187951109 | 
820455780615579 | 
814955311152131 | 
880926881176641 | 
817913437898096 | 
2414968192292699 | 
25773991942223039 | 
1367997664660742 | 
1568196514295012 | 
1194340275903124 | 
831112106344933 | 
857105846855369 | 
925408120083707 | 
834887519189884 | 
1183119643744156 | 
1276388257544822 | 
1301350472172793 | 
1559625785223096 | 
25054095754275055 | 
1265160508082940 | 
1269470764944402 | 
1358365392422726 | 
1883932369669437 | 
836315455830609 | 
1410638380480618 | 
1392363168898657 | 
1863114124592786 | 
706655218804984 | 
1153662563551530 | 
1190703106351123 | 
1182381370725877 | 
1398630638441444 | 
1502712784299098 | 
2002482150602269 | 
810443625031577 | 
1191072296288939 | 
1334110388414840 | 
2056237685171179 | 
903373782355647 | 
4282811758608597 | 
1071953961569119 | 
2049782102425626 | 
2932281946959871 | 
4368980066665624 | 
786989780961964 | 
4097094100620396 | 
786549724344053 | 
1346745333837699 | 
858170926912137 | 
1402049531348460 | 
817816014345852 | 
820371640705743 | 
2050181809163949 | 
829546819876166 | 
834683809179862 | 
836440642506740 | 
987272140248644 | 
2059065928251991 | 
802409105599348 | 
1505329400698789 | 
1839946140040487 | 
809599185280637 | 
1883910929218957 | 
843409882097260 | 
846179838196425 | 
1163946792510988 | 
1274001354659535 | 
726277917180587 | 
1163529912551063 | 
1129024225665292 | 
1310717127472779 | 
1330216111543345 | 
820334847460393 | 
947780007903607 | 
1415029923373886 | 
1562226625223154 | 
713927297856825 | 
1189168596492504 | 
4367823836868620 | 
25005895109076191 | 
1471336207304763 | 
1184375736983583 | 
1455380445531845 | 
807114362299539 | 
1208759977765804 | 
2497844460612372 | 
4278962892341334 | 
822190193890482 | 
849329574131306 | 
1064155165736069 | 
847098404526497 | 
807078825535390 | 
819565607273721 | 
1518565132691836 | 
1215578443961696 | 
2663748450624870 | 
1236299795222264 | 
561796662510909 | 
2162063977653991 | 
750161224298332 | 
1513885229940216 | 
2294102137697258 | 
1137961971660892 | 
705167535486729 | 
1620694429312365 | 
1662761058030940 | 
2054429078679008 | 
1231915652295504 | 
1373790397729822 | 
1521006006055098 | 
1550257269348394 | 
2007054736807787 | 
24679033058460187 | 
815025641520075 | 
1162370005863160 | 
2349096012217997 | 
3220704344770206 | 
1972323546671611 | 
732686719128552 | 
1809780819907459 | 
664624239919622 | 
1101619178505577 | 
803988426141476 | 
1127395526212611 | 
640441482484789 | 
1633223320712345 | 
675201178750363 | 
654238077769418 | 
703457749090583 | 
1645455970210154 | 
25693935596857972 | 
761150433204215 | 
1409342584239944 | 
1532830751239630 | 
1552031185938153 | 
1710433996579818 | 
1845212199451221 | 
2240671393128134 | 
713988365082666 | 
811752518362682 | 
1482546920098775 | 
840469565693379 | 
1363936112038623 | 
1769430087778604 | 
833170249672342 | 
1023152683278115 | 
1492754655282621 | 
1473399020410933 | 
2269703883533611 | 
1142036264747867 | 
833896205645007 | 
1343076717320728 | 
25350119284605337 | 
689181177227997 | 
823946383679715 | 
1601045501133944 | 
2229611887534388 | 
1144241697871122 | 
694852690329265 | 
801466729313902 | 
31817331027882399 | 
742566338842006 | 
1180358507370829 | 
764922959927408 | 
882458854105743 | 
4532546733634236 | 
785568064333053 | 
821343707155013 | 
589547367580103 | 
1352008453319066 | 
1552668532535611 | 
2478238179237090 | 
3916837818608225 | 
1372483687662558 | 
866074825999332 | 
915774174522296 | 
807363268861444 | 
1247384357429811 | 
1376920817071769 | 
4085207248400780 | 
769942752725497 | 
3261697520680197 | 
793661746714883 | 
1356351529487701 | 
1557649342250646 | 
2212232542606883 | 
24857446037260695 | 
814130571398391 | 
1617476222965863 | 
1140088421569626 | 
2466637070404469 | 
2539073376495305 | 
4199527380311017 | 
26541016322190331 | 
1981731829066658 | 
877639191170720 | 
1214199164063618 | 
1328933078425970 | 
1333920208426982 | 
1422688306155645 | 
1511883973394818 | 
1793849284655413 | 
1353465420124093 | 
1557811882333283 | 
3653398201467707 | 
1156036179522178 | 
25616602494610165 | 
2075266196612866 | 
821624120758911 | 
2195816620890963 | 
1145014421115271 | 
1488683415759779 | 
1610464700194283 | 
25063151820005982 | 
806460919035926 | 
1557101332094697 | 
1652407872809913 | 
1355246116311399 | 
1362991948751998 | 
1350529393219683 | 
1904061780193324 | 
2611513649215668 | 
843169914839364 | 
1128883859450275 | 
1352285782943455 | 
1915889429333918 | 
2700058996997752 | 
26317533954501705 | 
811589801742519 | 
827497593478495 | 
1164761749053300 | 
1191453836213049 | 
2347445925780483 | 
1171859360974818 | 
1913860606153869 | 
811246855062402 | 
2901076090282868 | 
846106745087120 | 
840505311807870 | 
1280531197447279 | 
782356641512369 | 
1336765528183790 | 
1512769326653509 | 
2358555598305315 | 
873377251880927 | 
1195783892670304 | 
1230066725598123 | 
1291070239369618 | 
1602994421080342 | 
2326056214515152 | 
861548316400499 | 
1658966861903737 | 
736888052720166 | 
802045892813679 | 
25211951085125663 | 
821970837094567 | 
1208925257952198 | 
1232732075362722 | 
1525784085403071 | 
716809531471495 | 
848922827593340 | 
1261432532671144 | 
1323082952424724 | 
1349719826648832 | 
1462649688144167 | 
1830292681207724 | 
848391704548015 | 
860818657118706 | 
1179702604150708 | 
1479061866717073 | 
1564642641210351 | 
819473310694549 | 
1278228374344661 | 
1744613899577653 | 
2032412967298941 | 
2032970997465867 | 
3075911999258488 | 
3402687699895738 | 
818730674384495 | 
881581677654024 | 
1167685728139472 | 
1554144558947004 | 
1578176556953096 | 
1633602324659417 | 
814318431228984 | 
831279236488127 | 
1919539865288619 | 
2212787809229103 | 
2895390910656979 | 
771972845885225 | 
1481879916255553 | 
3192738464218558 | 
1192958212744530 | 
1769508863765755 | 
4211739999037803 | 
25208082405493268 | 
687193240786232 | 
1442755270616461 | 
1597669541533958 | 
1987172945457422 | 
3361872037298813 | 
4214500955464487 | 
815332598081282 | 
1148125534057177 | 
1345822834005737 | 
1649172949424133 | 
2199413527135455 | 
26553511050916321 | 
1346272750322606 | 
1782459632397729 | 
1933540044264123 | 
854090184211588 | 
1309814610826823 | 
1374118251166484 | 
1390596496054797 | 
1531173564767023 | 
1547029176618474 | 
1560767758397257 | 
2002128630611480 | 
4138382826378254 | 
791464020595692 | 
815727724530265 | 
840233148749647 | 
1159499292978771 | 
1389279719244721 | 
1550462873049559 | 
1790691838288072 | 
1832557630962410 | 
2053729295443529 | 
2084523815633468 | 
867271549065174 | 
1172114651680317 | 
1928732597713319 | 
2711487665854553 | 
3423086394499356 | 
4189849854606161 | 
737784189347576 | 
1171860998424012 | 
1731907251318537 | 
1886902765558103 | 
1888691601766457 | 
826918606980645 | 
846400827945435 | 
1163588839212306 | 
1190979669573148 | 
1328931072263314 | 
1911879639543056 | 
2160168958113681 | 
658163987229795 | 
831365539871461 | 
852271077301546 | 
1184341186545623 | 
1326613475777654 | 
1428328415551662 | 
1608587803664280 | 
1616302179526359 | 
2097470727459454 | 
666246639754507 | 
814189551512790 | 
835576672769127 | 
1478759139853466 | 
4320988144798501 | 
806825485593132 | 
836615022304916 | 
888662000989859 | 
1338098994243624 | 
1341349660565750 | 
1555641245722753 | 
830625026611070 | 
871771548517925 | 
1116238107036966 | 
1168362654725095 | 
1170850915187062 | 
1387139583056699 | 
1493309838619745 | 
2532321670502384 | 
722270120708770 | 
728437730299996 | 
798534052996898 | 
825846493707763 | 
844372114623453 | 
1164803602505745 | 
1358883825612091 | 
1482511873036234 | 
1570287650815471 | 
2038865836927389 | 
839955145565713 | 
1241061377833424 | 
1343691967492588 | 
1386621659702125 | 
1394060062728420 | 
1469392104141692 | 
1582970969803743 | 
2309030686207343 | 
4075428842674476 | 
716596187553893 | 
843331901409870 | 
1038026141797197 | 
1066840758804105 | 
1119013543640491 | 
1786721865353116 | 
1901293210810464 | 
2676587796047336 | 
25187301424255782 | 
856412553805997 | 
881564751183627 | 
1154886110099013 | 
1154977660166908 | 
1178420087539504 | 
1342803757311415 | 
1395974845201582 | 
1489421415645238 | 
1603388037310502 | 
1677207906590824 | 
826447350246574 | 
868903385484643 | 
