2369869513466388 | 
1929968897901263 | 
1446118467308455 | 
1879917269333086 | 
867711232853709 | 
901968229304849 | 
2315757278836694 | 
845845421212830 | 
1769329867038990 | 
2518859758515780 | 
762123923343432 | 
797163553411875 | 
1236509638663385 | 
1444532577366084 | 
2006917526895117 | 
907150861766462 | 
1240193337868032 | 
1212833543623139 | 
1727217562048250 | 
3776261552677632 | 
1262685622383769 | 
2236187013451644 | 
1619890109004058 | 
903159375701287 | 
1181390166712921 | 
1606703963804618 | 
1441549874013929 | 
954153716940889 | 
912817118339690 | 
4212275619088509 | 
1735393423761633 | 
1561093505021657 | 
1175734481175741 | 
911786804671108 | 
1230699739107671 | 
1832690747510617 | 
1187887166072671 | 
2385413921884063 | 
1546677239673465 | 
25758954533712525 | 
2587647134930242 | 
883016137908704 | 
1918325472091472 | 
10038488869530043 | 
1745122626147341 | 
935885044714655 | 
25567316909627812 | 
2571451559918851 | 
4342927725980088 | 
1530430655369180 | 
1617422436096894 | 
1290401606143467 | 
1134763868642069 | 
1930164994560261 | 
1286722516670803 | 
2008967476691975 | 
1253679980155555 | 
947984107902909 | 
1499238571334371 | 
1674042563973313 | 
848788214419423 | 
1174139471315748 | 
1496926248042306 | 
1920300132205102 | 
1649893433109679 | 
859210136433342 | 
1883043599306682 | 
679144928578333 | 
1202264951783555 | 
1218361293516158 | 
5302035593164804 | 
736353875392137 | 
2039538643256952 | 
1532695901292733 | 
2105974543545656 | 
1136684785201553 | 
3012399315630971 | 
25889104927390760 | 
1219772886648882 | 
1351955966671833 | 
846420328331014 | 
2291473378027607 | 
25934033252924524 | 
3104071829795046 | 
820265650757991 | 
775580018588231 | 
2067021687556289 | 
1058737923112017 | 
4398120047073142 | 
24689658420736246 | 
1343169634027295 | 
770901159303823 | 
1964984064412708 | 
1286056886656950 | 
1183714456917239 | 
2626060107761806 | 
845002198182416 | 
1541075507007178 | 
1495160228642941 | 
923122626746749 | 
1602718757378025 | 
952693900655342 | 
4032638536956873 | 
905704818608860 | 
776941865323701 | 
1505478000572900 | 
3352531458244395 | 
1377194497424556 | 
820835350737490 | 
2269536296856867 | 
775610820600665 | 
2047479792691687 | 
1278855747472944 | 
1430442565209165 | 
909998462009741 | 
1168612742034219 | 
767127252485224 | 
1869846787039136 | 
1801249437152061 | 
2872660232929837 | 
1478069893893013 | 
1438805297792952 | 
1630809027881619 | 
3073917496125809 | 
25066638156325525 | 
645552361789678 | 
713951881734468 | 
815364921607440 | 
1490586382193514 | 
1202935801832729 | 
1482419660258119 | 
1540674110290758 | 
1088797573169872 | 
1618992089459540 | 
886724964111246 | 
1258552086140035 | 
1488092388902644 | 
1549364582760433 | 
831745619914295 | 
2143599819500788 | 
1161490782168874 | 
1680384443318967 | 
657532137313284 | 
1604003110743866 | 
880926881176641 | 
2414968192292699 | 
1367997664660742 | 
1301350472172793 | 
1265160508082940 | 
1269470764944402 | 
1358365392422726 | 
1883932369669437 | 
836315455830609 | 
1410638380480618 | 
1863114124592786 | 
706655218804984 | 
1153662563551530 | 
1236477468315009 | 
1398630638441444 | 
1334110388414840 | 
1537244367415704 | 
786549724344053 | 
802409105599348 | 
1505329400698789 | 
1839946140040487 | 
846179838196425 | 
1163946792510988 | 
780662845028238 | 
1352157236564663 | 
819565607273721 | 
561796662510909 | 
2162063977653991 | 
750161224298332 | 
1137961971660892 | 
1373790397729822 | 
1550257269348394 | 
1601045501133944 | 
1180358507370829 | 
785568064333053 | 
1376920817071769 | 
793661746714883 | 
1422688306155645 | 
2611513649215668 | 
1352285782943455 | 
1913860606153869 | 
1195783892670304 | 
1291070239369618 | 
861548316400499 | 
736888052720166 | 
1232732075362722 | 
1179702604150708 | 
1564642641210351 | 
4193739047573462 | 
1744613899577653 | 
2032412967298941 | 
3402687699895738 | 
881581677654024 | 
1554144558947004 | 
831279236488127 | 
1231338145483367 | 
1919539865288619 | 
771972845885225 | 
1481879916255553 | 
1364280145487299 | 
3361872037298813 | 
4214500955464487 | 
1345822834005737 | 
1129286985948276 | 
1374118251166484 | 
1390596496054797 | 
1547029176618474 | 
791464020595692 | 
840233148749647 | 
1389279719244721 | 
1832557630962410 | 
2053729295443529 | 
2084523815633468 | 
1171860998424012 | 
1886902765558103 | 
1163588839212306 | 
1190979669573148 | 
1184341186545623 | 
1326613475777654 | 
2097470727459454 | 
666246639754507 | 
1478759139853466 | 
3245539112279151 | 
836615022304916 | 
1338098994243624 | 
1341349660565750 | 
1555641245722753 | 
871771548517925 | 
1116238107036966 | 
1170850915187062 | 
722270120708770 | 
728437730299996 | 
798534052996898 | 
1164803602505745 | 
1241061377833424 | 
1582970969803743 | 
1760237288027729 | 
843331901409870 | 
1038026141797197 | 
1119013543640491 | 
1786721865353116 | 
1901293210810464 | 
25187301424255782 | 
679664725027008 | 
856412553805997 | 
881564751183627 | 
1154886110099013 | 
1154977660166908 | 
1603388037310502 | 
1677207906590824 | 
862949736100068 | 
868903385484643 | 
1294421815774198 | 
1487387532523955 | 
833927515884696 | 
1358876495640635 | 
734273609700456 | 
952844157419028 | 
1135593225116751 | 
1205909558121521 | 
3030411607346578 | 
4237477463159625 | 
843762774726174 | 
25798400939763430 | 
720896411040090 | 
1170729248590605 | 
1292992446009039 | 
1517525152887621 | 
1807922683184548 | 
1992618981588712 | 
25225262953827364 | 
825317900368035 | 
1345611720628310 | 
1420954142785095 | 
1491083918860942 | 
911570502034588 | 
999256852408896 | 
1211040531075043 | 
1374881370745177 | 
1927914661125860 | 
1797935200833730 | 
864751796010542 | 
1147376620836043 | 
1178372343715912 | 
1477119103345017 | 
2144919919650877 | 
4595541510680094 | 
1383574723151273 | 
1864861244406251 | 
2149929145532113 | 
2269032900274634 | 
24670266279318908 | 
2741122769600227 | 
25514434348182714 | 
717676610927326 | 
818798324243537 | 
1127651372456977 | 
1326655201983521 | 
1566396721039475 | 
1655819132064538 | 
1756597331705408 | 
1913219365960979 | 
2023100688540509 | 
906620429000116 | 
1126768059286837 | 
1141942204587499 | 
1320644400075980 | 
1359239401770489 | 
1570954084342497 | 
2001106940678375 | 
2854802294708254 | 
820165100976280 | 
835316505891770 | 
900230759837341 | 
1175181340818048 | 
1886089928960118 | 
2087309045412384 | 
697169469778644 | 
1148918547388000 | 
1245990400640568 | 
1265826872050285 | 
1550679342726262 | 
4212281072349922 | 
749872157520990 | 
811532605001044 | 
825786313674509 | 
852210253982212 | 
864007806141861 | 
1145657684349918 | 
1319109203216905 | 
2608293316195594 | 
3287262621441675 | 
3363430747157116 | 
863616369685650 | 
1231384392143103 | 
707904765266350 | 
1363065312211916 | 
1368132231640451 | 
1611907813310394 | 
25252381257714970 | 
25622337610693082 | 
824235450518903 | 
893685306320629 | 
894236086388841 | 
1144360377847535 | 
1166818035577423 | 
1265043962098165 | 
1374499431068703 | 
839383492011672 | 
868106562219904 | 
1393999202284964 | 
1902821087282953 | 
1931468487773338 | 
1978434082726518 | 
2118801361984895 | 
2623925937955328 | 
32952006397746054 | 
1189506086394869 | 
1757890964900194 | 
1892591964659415 | 
1330752358368362 | 
1375477063936670 | 
1382886510036634 | 
1454309779081733 | 
24974455828917849 | 
814592341470015 | 
845835194808409 | 
1499271241130212 | 
1640600633587935 | 
724589660125366 | 
778133308606333 | 
819469600943036 | 
1527291285178029 | 
2629723037405339 | 
871226948810171 | 
1142366434326297 | 
1529286538116400 | 
1544952883596209 | 
1149510917251100 | 
1901189760772773 | 
856409890243939 | 
1238814998125132 | 
1839699586667737 | 
3230932407071773 | 
713324231363376 | 
1377179637139891 | 
2285855331912134 | 
842433521517233 | 
863589859508618 | 
1172798361628611 | 
1496753248103002 | 
2298420167283032 | 
867911299742956 | 
745419711251300 | 
1196012152424045 | 
1433545091473014 | 
1533906691162008 | 
2015245255995784 | 
2885815591614837 | 
4107935966203612 | 
864530695952405 | 
24403809159293526 | 
1156633780001261 | 
1163379952067502 | 
1383400530072137 | 
877217338309691 | 
1561010262000356 | 
2136320830467182 | 
1143624841221496 | 
1173009407665069 | 
1596559778185605 | 
2099230507487436 | 
1579317853502968 | 
1851555209082069 | 
696773796493575 | 
1185099099674121 | 
1223318156369254 | 
868605882590671 | 
1280944010741702 | 
2067859664014501 | 
783194354753478 | 
1210030901013891 | 
2130328784375597 | 
2890000064518843 | 
3694155524051392 | 
25666886452916801 | 
846235631287594 | 
3726959787613793 | 
1133387168562485 | 
690411230523176 | 
872143155275585 | 
879426917752971 | 
1373254687860361 | 
1511668123443045 | 
1792464094749467 | 
701309722737661 | 
835592872664451 | 
1606996950650462 | 
2675115739488655 | 
26476666718600071 | 
1354734876113170 | 
1457979765272311 | 
830515319343604 | 
2433346384153163 | 
1205301848242743 | 
1484590555937826 | 
1512865916639628 | 
1595724754786637 | 
1955443531682084 | 
2168984583592829 | 
1533467941039982 | 
1560959275333234 | 
1330228898368425 | 
1051321240364851 | 
1383718800076134 | 
2508574269528247 | 
2561535804230945 | 
820471564285277 | 
878181901321191 | 
1141580574749156 | 
1172595574399375 | 
1530498981517627 | 
1900468964224928 | 
1990046148456902 | 
2065634290842728 | 
1135210602043354 | 
1176674854565082 | 
1198590165717247 | 
1355284735598200 | 
1596797051675104 | 
852758930657116 | 
1179748674120597 | 
1894127861184711 | 
2055545348605132 | 
2571240646584811 | 
2786010004936982 | 
709375982229731 | 
782898514752483 | 
850109134142039 | 
1343818020284112 | 
1376537957387554 | 
1549389019425037 | 
1906979453218581 | 
679712974993556 | 
850309224154258 | 
1851138528841166 | 
25325746920423332 | 
25849325158008336 | 
744058597955005 | 
1291442069419830 | 
698249243340905 | 
727653043681522 | 
816125864239926 | 
882981390940568 | 
886653380689633 | 
1336290814473604 | 
1519605006033281 | 
1974630450099238 | 
2041299233312479 | 
25299875016311072 | 
700573376069196 | 
843294774971826 | 
1120215053315580 | 
1210201997653574 | 
2033888767408352 | 
821329550685841 | 
1520447299198581 | 
1591649498678728 | 
1596407901738318 | 
1601228764372369 | 
2248051929039461 | 
2350110692105789 | 
3142316309283533 | 
4081702488747046 | 
25096094470045594 | 
25169684999385169 | 
817516634039493 | 
828127703726505 | 
1148208807045423 | 
1325224642684071 | 
1361587978839336 | 
1368123837511209 | 
1382654933441555 | 
1575413736964606 | 
1613573579809811 | 
1913086522755328 | 
2762626967430950 | 
25055983740749698 | 
25542672285325165 | 
1178477650365799 | 
1536589054052350 | 
1541147307088001 | 
1543177313588068 | 
2100821806988665 | 
2156564801538295 | 
2578202695898628 | 
25398348049799719 | 
811436575066564 | 
833657066051145 | 
873087888586224 | 
1166676102255610 | 
1211698717490776 | 
1368970571481077 | 
1808885716478579 | 
2003528137115985 | 
2351426061975715 | 
740839758318322 | 
820086454112121 | 
868651118964950 | 
1159177526321872 | 
1169677941460215 | 
1174424011324071 | 
1176998467890635 | 
1185088843584383 | 
1205382778147678 | 
1224191646426901 | 
1335307171414617 | 
1347099587112483 | 
1481719816229880 | 
1661105478193250 | 
1747856125898505 | 
2315996498845348 | 
2382528265494917 | 
25135431366108778 | 
26182418821360381 | 
686352260970411 | 
691024590475393 | 
740084858391418 | 
814376378067089 | 
815989871198593 | 
858116856717994 | 
879707271406839 | 
932009645833447 | 
1119299030279898 | 
1212916200712178 | 
1242094407971009 | 
1355051266351772 | 
1360547589189661 | 
1389317526111901 | 
2304980316643023 | 
4257334621221657 | 
738550129255495 | 
774832895598798 | 
786595194382816 | 
872685421858194 | 
888818756829157 | 
1182464977283605 | 
1335081621238334 | 
1343204050878834 | 
1487429442331713 | 
1568868151014618 | 
25261716963482151 | 
25344444941851840 | 
715399651597603 | 
814351691482276 | 
826973766809468 | 
853452933846754 | 
869898319539617 | 
1183016690420830 | 
1344671873815098 | 
1548014566301410 | 
1803725677205045 | 
1833238080627889 | 
1833724220841517 | 
1852715005376248 | 
1918733622051379 | 
2087109535452684 | 
2755569214786987 | 
4261831707363364 | 
738586222630129 | 
819843157705445 | 
857539976735038 | 
873594411894440 | 
885787170493918 | 
1203517664977271 | 
1207263584597256 | 
1360527002144670 | 
1408161530649850 | 
1408468571280344 | 
1412546947141153 | 
1440895974222945 | 
1506801837253954 | 
1517555706167379 | 
1546266243167246 | 
1771308303412199 | 
2324543001292860 | 
2349963185458793 | 
2664239683935643 | 
2904228573107838 | 
708154635245359 | 
806880122121801 | 
818636754127711 | 
820723527269547 | 
865256622700042 | 
866429509188533 | 
867236129111574 | 
1138889251739330 | 
1143415491286963 | 
1215317483978209 | 
1259817259237594 | 
1311561670670633 | 
1350366056626569 | 
1465353061219842 | 
1813320136012751 | 
1932265944837040 | 
2078228069380480 | 
2104149820119458 | 
2258626231300956 | 
2332896953805464 | 
2769875583366474 | 
2998488847206780 | 
3278125452364410 | 
4306166729605249 | 
