25438637609126425 | 
1231575415798855 | 
2648903902123290 | 
1200909998543311 | 
750222401493633 | 
743673351382232 | 
9471228069664918 | 
704185795567904 | 
1343355047457974 | 
1444215626897580 | 
4055253544716753 | 
2039575556612673 | 
4136542796614532 | 
1184281586577822 | 
1222940592434662 | 
1931931224102349 | 
778244804932449 | 
4278994065763077 | 
1630732787951551 | 
1067968941534466 | 
1197021939031670 | 
971075845109719 | 
746083728452876 | 
25325654530420828 | 
1352943675807159 | 
831052969836628 | 
778036251389881 | 
736599705549080 | 
1274202114050937 | 
751374764029872 | 
1572125103978292 | 
900881722877643 | 
3584077858397971 | 
862764862978373 | 
778623668367979 | 
1034859712066464 | 
1459845458677205 | 
1630062648338561 | 
755426757144291 | 
1753115245595537 | 
1281790340300128 | 
2451074352014258 | 
754034721018802 | 
1027970139393705 | 
2047448396008486 | 
1235905268016482 | 
1020493126173803 | 
1590997292171925 | 
766475852479505 | 
935599392218785 | 
1326561872852519 | 
996742522612080 | 
4477919099102133 | 
1586403332316310 | 
2181570992668145 | 
1323113812843140 | 
807861039045936 | 
1062819765659412 | 
1128728762635474 | 
25549544991398081 | 
1607925780353385 | 
1087032746686756 | 
813116224435440 | 
1219451473269886 | 
4357491347813942 | 
1476491920198112 | 
809825095322377 | 
1074183611338330 | 
715566171345256 | 
3657042201100963 | 
24534619396222133 | 
1594971824903650 | 
1715541452419918 | 
1467999657583520 | 
1444825407008130 | 
1316439999982256 | 
731016433439076 | 
1851035598787675 | 
788538654241950 | 
804602302374008 | 
1824890461737941 | 
1855660928491725 | 
1027276056240821 | 
23936002529395078 | 
1436389734756170 | 
1863133507624869 | 
1145433010888293 | 
815728774205899 | 
913884947973637 | 
1242999731229045 | 
1219252153692904 | 
1723900464964575 | 
1506668496975612 | 
1460962431640216 | 
712799984941796 | 
1098279278737084 | 
828317956382264 | 
3646827788781610 | 
724654123639868 | 
1936532770543654 | 
4216744368598339 | 
1447729070383753 | 
1910434539894459 | 
1507921993868238 | 
1865065010821323 | 
1212240767616114 | 
732907289331993 | 
898485862887748 | 
1583710616110884 | 
911159581300994 | 
4181580262085800 | 
924003117159493 | 
934458945774646 | 
756037584117835 | 
1269151648356975 | 
662497440234324 | 
1513243550107336 | 
24070102172599924 | 
697294392976454 | 
1919187435550430 | 
1331446888386643 | 
786878103677685 | 
759578056453877 | 
2475353472843491 | 
2195261391218659 | 
1288812622745498 | 
2527447424261215 | 
1192835819516787 | 
1348166290310476 | 
1187803635942972 | 
1520298795970563 | 
752359244347025 | 
1457809692620133 | 
4270334433251251 | 
1804572527138452 | 
1379387640320198 | 
849734474535141 | 
627812463725902 | 
2131309510669822 | 
718184894320069 | 
791619590087681 | 
1534651171708193 | 
1262558252124153 | 
1506427407037323 | 
722150664129869 | 
1423840002534228 | 
1295596215673267 | 
820817436938600 | 
24324290883920881 | 
1300790715170372 | 
1328298392680671 | 
1475359186988968 | 
4307647519507004 | 
714648721374158 | 
1451545199193312 | 
1994147528065592 | 
2004439033461979 | 
1823827579012613 | 
24288649447484153 | 
1596507968286540 | 
443412488835123 | 
1874312890627262 | 
1423449179222710 | 
1618625039332403 | 
1163260885784049 | 
1353371262866572 | 
1672062060185016 | 
1402683877764785 | 
1918655629529132 | 
1251678597143825 | 
624174237352880 | 
25961600210158061 | 
625004874005379 | 
1183790963781238 | 
1239883617613322 | 
697039486247048 | 
1947760539167342 | 
1763589307635291 | 
1210317337233850 | 
594439097049195 | 
1410476240786286 | 
636292328800083 | 
849405727409665 | 
1621918295598172 | 
1503316067520247 | 
917546377434992 | 
1627676801573462 | 
2902586799948577 | 
1686577012038203 | 
783501808075288 | 
1879399372955542 | 
1287538066417519 | 
1800652340855219 | 
2168245637314884 | 
1107430237526032 | 
786158453843909 | 
1293246532562125 | 
1394310592044051 | 
910510368325056 | 
1950182662569815 | 
1921717821791090 | 
1430263378218524 | 
832551729127133 | 
780825187789711 | 
1449157266313174 | 
1798888357732981 | 
759808650519656 | 
2002164063921566 | 
1579374979841810 | 
1355748209579994 | 
1104587525147477 | 
2042472776545682 | 
1795614164479838 | 
24189356014082476 | 
1040048144529075 | 
2936072673241319 | 
31185923901052252 | 
1282669530074386 | 
1439055987569000 | 
2189112151574934 | 
741305335230120 | 
1477511233342266 | 
1585623282572063 | 
3111202765755575 | 
767291422425436 | 
801982676095660 | 
24454496744155496 | 
1066403262333027 | 
1551186446262225 | 
630753850080177 | 
1561687524922147 | 
1253967146054757 | 
1682672215730182 | 
2388936168168578 | 
1552973966112986 | 
1209197894384569 | 
1190004109622501 | 
837032345439331 | 
765200829852017 | 
1291756705488673 | 
1235479791108284 | 
1517273449303016 | 
529775890124833 | 
1651757119571940 | 
1979857426137075 | 
925956590381283 | 
1433922931624452 | 
693080053295792 | 
594410713715474 | 
1322614609456848 | 
832886453006456 | 
706613822437737 | 
1829388551019692 | 
2855564801311515 | 
1325992885566508 | 
2224763378043513 | 
1139803131514697 | 
1567115381000790 | 
1144797424392005 | 
3394005400784113 | 
2091776881594690 | 
1361915932203860 | 
1589910908733249 | 
1016418433623522 | 
1085681633525400 | 
1759271821412953 | 
1309984164291619 | 
2241696852917531 | 
1122468289843304 | 
1915025642416794 | 
715119931381052 | 
1812063869417557 | 
601918266131853 | 
4343211876003039 | 
2539134199787821 | 
717460620910109 | 
4257633684504877 | 
1293542485388078 | 
743638808380989 | 
1466048738143210 | 
1717150278905064 | 
689311944245325 | 
1820531908591111 | 
1305776861247517 | 
2812938778899420 | 
1755716748410688 | 
1182494027329201 | 
1086245577044360 | 
638440752592877 | 
25090179333949645 | 
1139698018021847 | 
997656715735501 | 
9254500824675048 | 
892999249865136 | 
833618409127216 | 
1406632527824027 | 
3929031334076321 | 
9339292916194277 | 
1434805281145360 | 
1330839028650058 | 
24005790115769824 | 
743487564720013 | 
1561053361973427 | 
678241278601034 | 
1291884365977031 | 
822929233478596 | 
1049317673555951 | 
1285867479608186 | 
1621345829158037 | 
766323616058396 | 
619089641169865 | 
4192640324334510 | 
1136853155045985 | 
2044886586042058 | 
983817457203802 | 
1887507442129359 | 
1689914041722914 | 
2481110888957300 | 
4023883687862490 | 
616707691466121 | 
26078627975096929 | 
1226377095993353 | 
721728310993328 | 
1057051489670076 | 
32570168679295015 | 
737195842454875 | 
916506577593820 | 
2313697649146675 | 
1850184329243851 | 
876651555312518 | 
1164406662520675 | 
1345365887155938 | 
1388980832357368 | 
2464092947307548 | 
1276783994466044 | 
3006448779742637 | 
1844052069658144 | 
1317640799712613 | 
1366170828888192 | 
614923418148785 | 
815746534267210 | 
1838940020188896 | 
2087303932039900 | 
652881127341784 | 
1397227821816418 | 
798032576045877 | 
2182341482263420 | 
1284939386535718 | 
1332745651940901 | 
896671716685133 | 
1542147113577792 | 
2065555717514428 | 
750978960967872 | 
2135881456920984 | 
1461410271949819 | 
1276787524045755 | 
884005867303287 | 
1135465691780325 | 
1291522042516745 | 
1353615719530523 | 
1527693921705436 | 
1950018095849477 | 
1212126287458431 | 
1357483285597768 | 
1508820406862180 | 
1517683522921211 | 
1286845769645135 | 
810955984834795 | 
1288081622868336 | 
1798640834193179 | 
2141130623308768 | 
1925267478873972 | 
781560834330319 | 
755914500634682 | 
787798480999890 | 
918426134209947 | 
796567276276931 | 
909041875063514 | 
1448904183315083 | 
859694423166237 | 
793358139840664 | 
2165642173923156 | 
1825864857998971 | 
2385744851856727 | 
1071161618564614 | 
872046722360382 | 
1488232375544868 | 
1335069675109666 | 
925409693054096 | 
1928696571865213 | 
2194414937741597 | 
1267430937903857 | 
1822153598388523 | 
1115217877453481 | 
800632049306399 | 
24381861321481004 | 
3801800320124658 | 
4185565118390086 | 
1908495486712178 | 
3987027414881711 | 
1928005804785689 | 
25489887470670523 | 
1003621351847789 | 
1118038363572442 | 
1383217283362917 | 
3439873702845648 | 
591463397076152 | 
1502797204742080 | 
766988296340732 | 
1293773952490102 | 
708540468751982 | 
1653181295378140 | 
1902382126996485 | 
1404884587950076 | 
2087405438674874 | 
1499007587942167 | 
1114431220629086 | 
1922875725165563 | 
994597086158846 | 
25628141313523890 | 
4347232855562331 | 
684320411102085 | 
1179079880741461 | 
899078436368364 | 
746084357957764 | 
1202028955095779 | 
1961061257959405 | 
1304732168165115 | 
2497876853915851 | 
646059395259933 | 
1664620114731948 | 
1502444394146117 | 
1982279835864415 | 
1436528804235466 | 
2566071410438335 | 
826105126951718 | 
740342915551632 | 
2490067304691695 | 
1831978470685997 | 
1051625337183509 | 
1434597291177574 | 
1092913696081874 | 
900792458930341 | 
755609600725512 | 
1563495178184977 | 
2291359217985813 | 
865876522506658 | 
1785606668757228 | 
1173545631379919 | 
1602797764014936 | 
1068955975222203 | 
1343587807454585 | 
1268972688374188 | 
531759366667209 | 
1789626719094256 | 
1759331561352189 | 
808419748197720 | 
1169953901827547 | 
1588839978756007 | 
1430711438202436 | 
1149253223499863 | 
2520921568291212 | 
656079860846564 | 
24369297966031765 | 
777404664770844 | 
821116410681429 | 
1218230446985150 | 
1162552819021422 | 
2126691571497651 | 
1806740973258884 | 
1209345947676781 | 
861308923277644 | 
1308675330628109 | 
855756886880267 | 
778336631619146 | 
2284943451908375 | 
1337477827923159 | 
1218339260362089 | 
754850173783214 | 
1421164312910438 | 
1408083867604476 | 
1854292605516448 | 
1011234940872974 | 
1444152936913294 | 
1756498218308778 | 
697315373181836 | 
1358171622716676 | 
807759501817279 | 
2854956751361800 | 
1071841738356315 | 
824768596730604 | 
1946146816147828 | 
1452253969396428 | 
1096973225328872 | 
1855109395068891 | 
1607432846943292 | 
1786304462267861 | 
1660611411158623 | 
1512775549721185 | 
766602003037043 | 
2127450181121915 | 
1369072327495529 | 
936837162192401 | 
701430889563098 | 
1341339714240647 | 
1253890009479948 | 
2612595355758838 | 
