25438637609126425 | 
1231575415798855 | 
2648903902123290 | 
1200909998543311 | 
750222401493633 | 
743673351382232 | 
9471228069664918 | 
704185795567904 | 
1343355047457974 | 
1444215626897580 | 
4055253544716753 | 
2039575556612673 | 
4136542796614532 | 
1184281586577822 | 
1222940592434662 | 
1931931224102349 | 
778244804932449 | 
4278994065763077 | 
1630732787951551 | 
1067968941534466 | 
1197021939031670 | 
971075845109719 | 
746083728452876 | 
25325654530420828 | 
1352943675807159 | 
1274202114050937 | 
1572125103978292 | 
900881722877643 | 
3584077858397971 | 
778623668367979 | 
1459845458677205 | 
1630062648338561 | 
755426757144291 | 
1753115245595537 | 
2451074352014258 | 
754034721018802 | 
1027970139393705 | 
2047448396008486 | 
1235905268016482 | 
1020493126173803 | 
1590997292171925 | 
766475852479505 | 
935599392218785 | 
1326561872852519 | 
996742522612080 | 
4477919099102133 | 
1586403332316310 | 
2181570992668145 | 
1323113812843140 | 
1062819765659412 | 
1128728762635474 | 
25549544991398081 | 
1607925780353385 | 
813116224435440 | 
1219451473269886 | 
1476491920198112 | 
715566171345256 | 
3657042201100963 | 
24534619396222133 | 
1594971824903650 | 
1715541452419918 | 
1467999657583520 | 
1444825407008130 | 
1316439999982256 | 
731016433439076 | 
1851035598787675 | 
788538654241950 | 
1824890461737941 | 
1027276056240821 | 
23936002529395078 | 
1436389734756170 | 
1145433010888293 | 
815728774205899 | 
1242999731229045 | 
1506668496975612 | 
1460962431640216 | 
712799984941796 | 
1098279278737084 | 
828317956382264 | 
724654123639868 | 
1447729070383753 | 
1507921993868238 | 
1865065010821323 | 
732907289331993 | 
898485862887748 | 
1583710616110884 | 
911159581300994 | 
4181580262085800 | 
934458945774646 | 
756037584117835 | 
1269151648356975 | 
662497440234324 | 
1513243550107336 | 
24070102172599924 | 
1919187435550430 | 
1331446888386643 | 
786878103677685 | 
2195261391218659 | 
1288812622745498 | 
1192835819516787 | 
1187803635942972 | 
1520298795970563 | 
752359244347025 | 
4270334433251251 | 
849734474535141 | 
2131309510669822 | 
718184894320069 | 
791619590087681 | 
1534651171708193 | 
1262558252124153 | 
1506427407037323 | 
1423840002534228 | 
1295596215673267 | 
820817436938600 | 
1328298392680671 | 
1475359186988968 | 
4307647519507004 | 
714648721374158 | 
1451545199193312 | 
1823827579012613 | 
443412488835123 | 
1874312890627262 | 
1423449179222710 | 
1618625039332403 | 
1163260885784049 | 
1353371262866572 | 
1672062060185016 | 
1918655629529132 | 
1251678597143825 | 
1183790963781238 | 
1239883617613322 | 
697039486247048 | 
1947760539167342 | 
594439097049195 | 
636292328800083 | 
849405727409665 | 
1621918295598172 | 
917546377434992 | 
1627676801573462 | 
1686577012038203 | 
783501808075288 | 
2168245637314884 | 
786158453843909 | 
910510368325056 | 
1950182662569815 | 
1430263378218524 | 
780825187789711 | 
1798888357732981 | 
759808650519656 | 
2002164063921566 | 
1579374979841810 | 
24189356014082476 | 
31185923901052252 | 
1439055987569000 | 
2189112151574934 | 
741305335230120 | 
1477511233342266 | 
1585623282572063 | 
3111202765755575 | 
