935319555844715 | 
26509473541994213 | 
1452782869668393 | 
4002697403362376 | 
936655672043973 | 
2732106133789640 | 
1232812058950382 | 
1161257435904427 | 
846075461765666 | 
1636133724195270 | 
2428010267618430 | 
2007387810193769 | 
1418672162971079 | 
1593506721897382 | 
3402391059920427 | 
900821479201376 | 
2002105437377955 | 
1267956748582026 | 
1426315325762951 | 
1625417555310630 | 
1912352762821036 | 
934957155773161 | 
1427951199070803 | 
24945441258465715 | 
1334708468486420 | 
892706297010691 | 
882543387932005 | 
4263197130617712 | 
1200529915496128 | 
1433481004994672 | 
888321687405682 | 
1212535884368798 | 
1395288489063275 | 
1624895972259203 | 
1686811295638254 | 
1363303462219753 | 
935949902241871 | 
2151711565577631 | 
3419430678223573 | 
1608780010450243 | 
936261252177829 | 
2832109200456874 | 
1445332800419584 | 
3908466796123380 | 
1555573862168855 | 
1599252904550595 | 
1415374343664123 | 
27107401548847249 | 
1641686580194126 | 
2724300687930998 | 
