26509473541994213 | 
1452782869668393 | 
936655672043973 | 
2732106133789640 | 
1161257435904427 | 
1636133724195270 | 
2007387810193769 | 
1267956748582026 | 
1426315325762951 | 
1625417555310630 | 
1912352762821036 | 
934957155773161 | 
892706297010691 | 
882543387932005 | 
1433481004994672 | 
1395288489063275 | 
1624895972259203 | 
1608780010450243 | 
936261252177829 | 
3908466796123380 | 
27107401548847249 | 
2724300687930998 | 
929521566659361 | 
934961719124530 | 
1222166296178383 | 
2078202452747182 | 
779827345191042 | 
1473636110766269 | 
897790576583352 | 
1752397959478414 | 
1866997281351193 | 
1983146735632482 | 
1186695743326934 | 
933070769190944 | 
1461512412354828 | 
941269748352625 | 
2669866586727494 | 
1429751338224279 | 
2443358926123102 | 
1274756224572978 | 
2021385542112802 | 
25596427763391915 | 
1253300093028653 | 
795150656732529 | 
1458991782522248 | 
1165296782179287 | 
25004003905942434 | 
1990040171725202 | 
1318521357001681 | 
935361078862517 | 
1274212617898218 | 
1227255512828197 | 
1261777539222488 | 
1987854942115359 | 
2384208705383312 | 
1295736995699837 | 
1850480092334259 | 
912896311353984 | 
1397154198398117 | 
932785449462375 | 
2020410305549753 | 
1611773259858436 | 
864740413208525 | 
1185578283372807 | 
944752544557698 | 
2009503576299618 | 
1839743110048279 | 
3804236043206329 | 
1514471340107470 | 
950843684138458 | 
1643800343482017 | 
2143927786354842 | 
1495390132245657 | 
2243579636051755 | 
2471770906597726 | 
1419224316282584 | 
1285399056771795 | 
1993332934954275 | 
753178490846064 | 
4351869531758249 | 
1416115513096119 | 
889887827356684 | 
1979918142594389 | 
1622922535511019 | 
1731401991562203 | 
2691870337848380 | 
1616298622831817 | 
1444430087383938 | 
1519910966158209 | 
3004706509738749 | 
1244526127658735 | 
1217833380509608 | 
2075955832948155 | 
1279180390979310 | 
1926277677987936 | 
794232567060976 | 
781798981181842 | 
1622977168601161 | 
968342316061098 | 
1570047907605778 | 
1232678545134551 | 
901551172897070 | 
1285608296334860 | 
784461758036067 | 
1298661942187092 | 
775301181995762 | 
1313461884215316 | 
814050495059890 | 
868326566220396 | 
957885860229966 | 
1438601087452524 | 
893181723486058 | 
961754603109158 | 
1560563408336735 | 
26695496103381272 | 
1423590272854638 | 
1249485830065143 | 
1420162472597774 | 
1446679796860721 | 
2079153266209134 | 
812469138547498 | 
949395854176476 | 
1510488780779099 | 
929617239660135 | 
795199886966354 | 
956154910149032 | 
1465162845192810 | 
1257910282497717 | 
1306036778035343 | 
757529847431277 | 
1259036372872971 | 
4129850337266424 | 
1448990810237492 | 
922721767187193 | 
1614527010158606 | 
1107866721485890 | 
919893444019199 | 
2432221027288369 | 
928874716591558 | 
26126810383635612 | 
1900540197249245 | 
931104559464037 | 
932380599649252 | 
936712645986958 | 
1667543604598721 | 
1245825243806484 | 
1837411610235381 | 
917701291187656 | 
1250427169968617 | 
933606129424256 | 
1304607331546972 | 
2134277507391326 | 
769104462693251 | 
1151587616984386 | 
