26052012447797935 | 
1241800007581317 | 
1591815025423853 | 
795456169549504 | 
1314350327172620 | 
907920921598964 | 
887572890719017 | 
1456231059206811 | 
607520578450437 | 
1290091866359573 | 
808695995589870 | 
1214354404186719 | 
23970663009297727 | 
1955937908327446 | 
1703752673561468 | 
598155046184569 | 
1541615643583040 | 
737907898751177 | 
2334806626985473 | 
1430993448564460 | 
1912698666041949 | 
1959926354604145 | 
3414962115336513 | 
938059938567095 | 
756536927534427 | 
1552692479328900 | 
903820075723990 | 
2334905043957049 | 
1404143607565332 | 
1294505186064144 | 
1989359064949606 | 
2368510750314512 | 
1257786002864134 | 
874779742068304 | 
861190836742423 | 
1551027243493947 | 
2138193076957054 | 
1241021730726145 | 
1244632954517465 | 
1459767275868149 | 
1223137073343713 | 
34683748771223730 | 
3430827643716049 | 
880756798117278 | 
932445102625172 | 
891157220220965 | 
923582450120863 | 
1689009169204961 | 
921207837230531 | 
1251238973861695 | 
2404661596662745 | 
1856183085000169 | 
1512735390465065 | 
1878292789556932 | 
932529842451691 | 
1670767253891485 | 
944913684629813 | 
1449389240038242 | 
915541361182968 | 
932830775930561 | 
1489996676051073 | 
1374084808050058 | 
1392660262149525 | 
3860883357548966 | 
1817954655549362 | 
1221485163424511 | 
2371367636639976 | 
1407031380669262 | 
907605312233809 | 
941576951631709 | 
1402119751655768 | 
3299720350190603 | 
1814688506240421 | 
1367946141764136 | 
1986279902295340 | 
915539601272650 | 
1759585548687538 | 
1208122331402062 | 
1304231951755517 | 
1640277650498570 | 
1216180373873007 | 
1864787734227661 | 
959406979867842 | 
941598924974486 | 
1193747736238442 | 
1229485672625255 | 
877511168590324 | 
1668088881037613 | 
1463944131882628 | 
2715874128766876 | 
2120143495471468 | 
1979703596315676 | 
1944060416213954 | 
1840844106579111 | 
961463506277890 | 
2314880155657853 | 
1483141736661963 | 
1597850354587068 | 
1443647773921639 | 
2289642268212273 | 
2116855309051624 | 
1470961797865783 | 
3411535822338981 | 
1217590749954805 | 
981654895033615 | 
1665431551564850 | 
944552068046459 | 
1559379775149041 | 
1381658387095004 | 
940038148975008 | 
1570831130689392 | 
1627229858543028 | 
4318575351754762 | 
847276051658388 | 
1446793663565791 | 
962711296235687 | 
1268621481781276 | 
1677628603645925 | 
968167285867201 | 
3310728712437656 | 
1490495972781319 | 
4402737126625770 | 
2130995967441455 | 
1632593817874433 | 
1688593738764274 | 
1146557527518359 | 
950441224187044 | 
2691843184518199 | 
2195881447610978 | 
2053973162198889 | 
2303372170151393 | 
1843571846351962 | 
798660416035619 | 
890911493772070 | 
2366880120490248 | 
1667896680888401 | 
1452339699806571 | 
3301260466722208 | 
3617655288386043 | 
2058493748262076 | 
913006344873196 | 
1631208624737771 | 
2057666881474176 | 
931374082612871 | 
1950533945657573 | 
940987914925964 | 
1376249197551630 | 
796933206790450 | 
1494566428908759 | 
1941716076713453 | 
2399434297236873 | 
2331952927293689 | 
2292655524563896 | 
1399624201966857 | 
870404262708906 | 
1887570908789512 | 
1977887852848003 | 
1618432152667302 | 
1253676859669052 | 
1258570542417864 | 
4291324811106768 | 
762220706767663 | 
1955958025028099 | 
2756369188030182 | 
802344465459473 | 
2141261326621892 | 
2006648699883222 | 
2168529807285890 | 
1167811658895075 | 
1198970052221958 | 
929981303323535 | 
1205415661703289 | 
33655447114101427 | 
1461068808841570 | 
913915721166354 | 
916582264354431 | 
2237833780082330 | 
2843499362522323 | 
1562122444894447 | 
25373671412312189 | 
1896071124447507 | 
1236559401462712 | 
1235927785348134 | 
3806089529694581 | 
26170414155982666 | 
944786898492836 | 
1564811338117012 | 
906486765597982 | 
928527889827799 | 
4272713272988093 | 
4351314258455037 | 
1257593426466593 | 
3039832529545365 | 
1637434077374587 | 
814886364282922 | 
925068220512869 | 
1449592663494898 | 
1475955073957973 | 
893616826740260 | 
1964965474054740 | 
796447813481486 | 
933812622392933 | 
931349799491942 | 
1426197705913898 | 
829980033448493 | 
26041262355506650 | 
1927222641218384 | 
1247914180298164 | 
920048197296163 | 
1643825163528669 | 
