922978825845860 | 
1261549142594799 | 
1199309605008866 | 
967373755795532 | 
1593560591898272 | 
1363585534705146 | 
924440010585314 | 
916844887888288 | 
26203891185932243 | 
1211389441162806 | 
891313417222781 | 
962190912989236 | 
3265147333655272 | 
939900861785438 | 
1637367420938650 | 
3189860087865084 | 
2111487176350629 | 
1204840321465485 | 
1453089589734618 | 
1708024820555678 | 
2005909573694893 | 
26048423244821160 | 
1249245170686821 | 
1177752627133350 | 
1656695565676865 | 
1558120668610264 | 
1682462616262223 | 
1915320152681763 | 
2058591514705496 | 
1989371971791561 | 
1477883350393745 | 
918812723848009 | 
1560064265055523 | 
945274391523250 | 
3390805951087560 | 
26581826238120729 | 
3444450012385308 | 
2287705028640904 | 
969346059376415 | 
960567549659899 | 
1774269456884137 | 
1393013072596145 | 
1007294662472755 | 
4284274171842121 | 
1140970411444254 | 
1434077397682488 | 
947893931155595 | 
1523202496193284 | 
944459941472121 | 
1268504915244590 | 
1278695234161434 | 
936467848933542 | 
1482462103220809 | 
1175178021218611 | 
2248884262587419 | 
1247993460777839 | 
2018916228729238 | 
1497280675122519 | 
26851315997807177 | 
1762583625148678 | 
1447982567031498 | 
944128661638394 | 
1622801372138567 | 
1472822704366678 | 
1624054452047503 | 
1760693488642067 | 
26128994176721260 | 
1453773053122446 | 
941208782182881 | 
1851544022229175 | 
940307322105178 | 
1952572092317923 | 
959515373276273 | 
948421970910432 | 
879895865078731 | 
2036116237302386 | 
1461353502039178 | 
1744328350344439 | 
27148124431454182 | 
2431014870685301 | 
4372306916360566 | 
1617790449272354 | 
1342935380974642 | 
1462359085439102 | 
1853062382079137 | 
795701390247593 | 
1641843533723342 | 
3282120985307896 | 
1262922118601892 | 
26484782321147304 | 
905950545590493 | 
1452700323314401 | 
922236410627471 | 
1294432622573373 | 
1717874656260502 | 
1667316620929162 | 
4198510647065193 | 
1088911200115030 | 
1317450547100419 | 
1455042502991513 | 
954439070263390 | 
1616103606176723 | 
1479987180317463 | 
4534814660137317 | 
1604376154201631 | 
2023697974860641 | 
773934298844106 | 
966650956027579 | 
1627328905086255 | 
1568944337512986 | 
2159210971582838 | 
971094325346912 | 
784473057678803 | 
1894596291189295 | 
1175812214500101 | 
745185501865291 | 
987708317254652 | 
1745595273085912 | 
913965481401841 | 
4502430413320205 | 
890064880701712 | 
2458144217990048 | 
1270570225030656 | 
932088399619486 | 
2467998986947592 | 
2398542933928816 | 
2184489495622967 | 
1499551585124098 | 
1323328312965967 | 
1687923589234589 | 
1309609954361432 | 
1598509858041023 | 
952571697358350 | 
1112596794343046 | 
912252805057464 | 
884151974623218 | 
1257531183022956 | 
894680320063300 | 
1235631012077347 | 
1581178609847686 | 
1402773371648763 | 
2168757470626906 | 
910065105130970 | 
919481254327806 | 
969507972080014 | 
1602063284346976 | 
949153224233359 | 
921998390582868 | 
1269832748615804 | 
3397922290371502 | 
817088611423807 | 
1510517947103938 | 
1888514321797972 | 
1235001165491139 | 
1447336700522991 | 
1718784492620108 | 
870731862633830 | 
4494532207542017 | 
1323455939620692 | 
1475064387747235 | 
1217266670391478 | 
1593878345253310 | 
2520200898438864 | 
4191773077819538 | 
1003608952839823 | 
2215708782567057 | 
920302364065670 | 
1661369085208508 | 
923440807319081 | 
730629950034117 | 
4346826818924491 | 
26295910966732062 | 
1554514772945481 | 
1624963305415129 | 
930732229675374 | 
1607890290544169 | 
