1724894844844221 | 
1544094886801991 | 
4108102446002377 | 
1190146325966255 | 
1184901599676524 | 
1142292074543783 | 
460321189727124 | 
657467713442203 | 
1520000519359468 | 
859913056921652 | 
2020525761821021 | 
1076152874463364 | 
8109929089083391 | 
506511945516522 | 
1345592723111027 | 
1365296608363756 | 
1334520227626131 | 
1259559819155173 | 
2132846437556946 | 
1232206601822013 | 
1842087629728637 | 
712850918363353 | 
2424306838039204 | 
1026832566266214 | 
1144378507732548 | 
924510519943643 | 
816717014065632 | 
1911768949668207 | 
4354456561454518 | 
2532107850494755 | 
1213666550932342 | 
887679434257975 | 
1007826150913847 | 
9758449140936727 | 
1297563568510720 | 
1213144937013246 | 
1753720985603379 | 
925120753814462 | 
1028035606090977 | 
924865079864673 | 
24138018182503755 | 
864660369659408 | 
1043524240938428 | 
1396329734813799 | 
1364563917935505 | 
859480156536735 | 
1146173577059842 | 
3232227920266712 | 
778440337852427 | 
706653448846942 | 
1728668927720650 | 
1927389354723993 | 
2047553412489326 | 
779701714128718 | 
1340095574517095 | 
690532163829497 | 
1170875844747288 | 
1678138666443120 | 
1247230867103915 | 
1185917423756655 | 
3638220159645411 | 
1144638077835160 | 
823745463375991 | 
24660778813602624 | 
854250594085497 | 
1423736525283993 | 
1829014427908902 | 
1852023498996930 | 
807769655394273 | 
698681196477039 | 
907806025040282 | 
774362498326414 | 
1588885385551616 | 
1219147566807809 | 
1071199338277142 | 
2065440160622220 | 
665881469348359 | 
1428302775581730 | 
791393370035314 | 
1126000859342620 | 
893955723631556 | 
1184595177205531 | 
1109765467208013 | 
1262114428920371 | 
1642778803263436 | 
1848363125782388 | 
1237702958376704 | 
618135154639857 | 
1684793325760617 | 
2275776786243215 | 
1419019812902328 | 
1552826149316184 | 
1031446165613298 | 
1189549816285718 | 
6695771527142898 | 
682529241561867 | 
618235374590192 | 
1567572434329995 | 
890048066751147 | 
1852019739068537 | 
25889709784051278 | 
658336310162930 | 
765280582849250 | 
1521777759069938 | 
910567821330731 | 
2112645279527747 | 
2996906617172458 | 
2608018149543750 | 
2400595827123124 | 
1167104541395542 | 
1596289931622331 | 
1371215090865407 | 
1231419592199891 | 
1199324425309635 | 
2498143063889339 | 
2245084735978770 | 
1851018278842815 | 
1392930505152324 | 
2340282876448010 | 
732491419702263 | 
1627222401327954 | 
654920440431065 | 
523648470839650 | 
26756031193993818 | 
747843455037580 | 
2123488928096311 | 
1285561236294848 | 
1451286906349120 | 
26387084884248867 | 
27097895273145355 | 
990533359753377 | 
1399446145256102 | 
2114256655746758 | 
3322370574592537 | 
32971686949145693 | 
1775071410042533 | 
9750918894997103 | 
865664479445286 | 
877033974811359 | 
1248465696780926 | 
1454294445995018 | 
1368075157642676 | 
1352488653117924 | 
1176508700693345 | 
3040405842818777 | 
1227800802881698 | 
1387769749362178 | 
2775066012829119 | 
1142495824612974 | 
1642982800393768 | 
673113431990206 | 
1637809634325142 | 
494823743706694 | 
26578398031753378 | 
1414599110159936 | 
846045621665382 | 
4399359393721856 | 
2646570519057756 | 
1429961178608099 | 
1214727000182167 | 
1513464443073575 | 
25370113172652764 | 
1949306285871890 | 
25033019516352200 | 
2418383835263429 | 
1227034645009212 | 
665939109575776 | 
2179655319467346 | 
3266299336880666 | 
644546941398685 | 
2225145088020615 | 
4150100895307228 | 
616073581021466 | 
1957846015140254 | 
1405298841189035 | 
795571513286010 | 
882515404104497 | 
677924695054105 | 
1195790648997219 | 
1276653034475763 | 
598647179875423 | 
1320598926110975 | 
1571769816665932 | 
1390742112723062 | 
595109010253842 | 
1779507492981409 | 
1533560971078189 | 
1673126980243893 | 
1769860460287346 | 
1120159126596169 | 
1543095770270999 | 
1433481948482975 | 
2098166880932422 | 
731031529454812 | 
609960698844495 | 
1351767593404499 | 
25675437602115913 | 
2205853773158005 | 
4056710974568952 | 
519224893831452 | 
895884806330831 | 
1277174000632420 | 
2056582718452442 | 
1352975883099418 | 
1798737280875362 | 
1496488718181487 | 
2022768781630955 | 
1261651735513201 | 
1039902931591684 | 
3414845255358030 | 
1396112735593362 | 
1333679124193279 | 
1978204472952396 | 
1489755082171752 | 
880212091472605 | 
706558528988155 | 
1469683841078766 | 
865412103002762 | 
5044966199062539 | 
1767409944655852 | 
1159592749506277 | 
1037287521911918 | 
2462601870857398 | 
1220648143099892 | 
1919568775311442 | 
1192459296397600 | 
1076384327454452 | 
662567409673043 | 
1818841365432316 | 
1424496235870350 | 
810299582000043 | 
828175836205961 | 
1409579753522401 | 
1922003612087568 | 
1252900623120415 | 
1332685118392872 | 
9481712335198444 | 
2359958011134921 | 
1916823902246940 | 
791466886733718 | 
630448276477528 | 
1452445552451210 | 
851888211028993 | 
672295698798440 | 
1281198533754433 | 
1261669868747089 | 
2626187864408051 | 
1551159826121494 | 
1424607021842931 | 
1541476953898810 | 
924090230080775 | 
1354419332335037 | 
2028121207955822 | 
2174100593416921 | 
2645003092525915 | 
859217983226886 | 
1326344182046786 | 
1163959309266226 | 
1619075032606624 | 
2176012652863238 | 
894327240189764 | 
753182603937595 | 
1288261539859859 | 
878393238343335 | 
979503837103602 | 
1452007943163784 | 
2162544037847806 | 
2166985244155446 | 
925472036689033 | 
1704596073852509 | 
1831627680828966 | 
618499297363769 | 
1185879180147660 | 
1974115023463278 | 
4089772851335857 | 
1282644233779237 | 
1355487056606936 | 
2160646127691570 | 
683578578154157 | 
1253162923412714 | 
768265015555562 | 
777863667907071 | 
23994913573535763 | 
746898974620529 | 
894265293390444 | 
2124892514630487 | 
687569620755006 | 
637512662201434 | 
1332664921835517 | 
2004700937107387 | 
2308976092932315 | 
1076417967694510 | 
2571825043204359 | 
1331937151637089 | 
1250901723518101 | 
1245575080345477 | 
544913287863268 | 
1867984740520823 | 
1136890641307587 | 
1099912648912065 | 
736289989095831 | 
1384758322787725 | 
1267969021682001 | 
1174813741369727 | 
1351414802734220 | 
2673301989701388 | 
725691107210496 | 
883744937513209 | 
739033819221878 | 
4408993819385529 | 
1197609238544871 | 
9396434640460439 | 
699313016438524 | 
26668872962713752 | 
2154468052030746 | 
1834403580668812 | 
823353407422490 | 
1976921173119201 | 
1288888706061885 | 
1336586277385251 | 
2729010547305620 | 
1834458847484724 | 
821864784218727 | 
2328987754206154 | 
1577220700295706 | 
1048374110807713 | 
1549332152908343 | 
578976754896359 | 
1290506282882664 | 
2300343327026836 | 
1427653909074234 | 
576010248207063 | 
1224776895809672 | 
1109878326966023 | 
1263897711751427 | 
25944012841878382 | 
1432089287890996 | 
644957971278641 | 
24455022270756295 | 
1376702423320819 | 
1238804250997258 | 
1206697067497216 | 
2111608439607310 | 
931100449609426 | 
1615530156129618 | 
1192186989405574 | 
1246532974073030 | 
782658654498366 | 
910981578311271 | 
1828272764432818 | 
926228129734992 | 
905602522633331 | 
3677985685837371 | 
787727587665310 | 
1694866048109793 | 
1822717051734546 | 
1867137894215820 | 
937390092068573 | 
951342633680274 | 
1190890716525331 | 
1491473808694213 | 
770259752002772 | 
1421662722782114 | 
1628971181855977 | 
1176987614048375 | 
1724333831643734 | 
1384034143051332 | 
1044635417532910 | 
947605587525753 | 
27462291826748793 | 
1080614943906371 | 
2244409062715184 | 
698139386014022 | 
1395923655277382 | 
805895619002728 | 
1080556444217394 | 
871769572108491 | 
1124322362587033 | 
1191303679571281 | 
704160069275060 | 
1136829568563941 | 
847672954693225 | 
1440665233878158 | 
736233859566957 | 
1102782238085780 | 
2198578720574951 | 
1434802230874032 | 
1141393246945798 | 
1309711750745205 | 
1595078038342428 | 
889378757304623 | 
894721929723913 | 
1582919146185643 | 
1631604870807061 | 
3035140156672898 | 
1492891675346545 | 
1907223256483643 | 
1332171217847663 | 
1597953411338549 | 
1287072599993784 | 
1222334902710047 | 
25215335078093254 | 
1171795194745164 | 
1186215116463768 | 
1609943973484367 | 
4334890993415288 | 
1357820315682437 | 
1524541042204853 | 
1218565500348007 | 
3509708519167568 | 
3557894324362408 | 
8709637132481994 | 
1918103642063706 | 
1307501804441569 | 
1209310851038701 | 
1578035490116733 | 
2393564111059740 | 
668068602948841 | 
1263025072199256 | 
1586009239514295 | 
907425171968824 | 
1607127323634771 | 
1102206234991051 | 
560392763797868 | 
767760276336938 | 
2287680491594070 | 
2714732952193816 | 
2238877756638742 | 
1380412263040254 | 
1840859816431151 | 
4015606985373258 | 
681152414478199 | 
1422459505592602 | 
1540387907314291 | 
751727694077305 | 
26247985738129750 | 
1160730095610798 | 
900841276074854 | 
1317115223167928 | 
1071769187712895 | 
1444594150452439 | 
851417664303708 | 
2434859476929851 | 
789217176865810 | 
1994097447902907 | 
9517583988305527 | 
2322414488141722 | 
2382442255526220 | 
1026615806351159 | 
1449193046267862 | 
707892644978171 | 
1159029906363632 | 
1541447603516389 | 
1500446100968248 | 
1103817614970599 | 
727814276639304 | 
4412761139000085 | 
1016661947117959 | 
1296129158905160 | 
1185355690321125 | 
2365618907278315 | 
689017760918759 | 
1389770225483849 | 
1446945596361739 | 
804392029056194 | 
883178571553683 | 
1162316836047576 | 
733610042942522 | 
730775739722260 | 
1386903989501032 | 
3806204406183194 | 
1243034473823887 | 
2044360136516461 | 
1419705992903405 | 
1376517574278288 | 
1129599265753999 | 
1227276242293782 | 
1247306076799742 | 
1529870241425993 | 
1442533190790512 | 
672826751838023 | 
1257148722608230 | 
1434858405020342 | 
1506578270588577 | 
859282289928725 | 
1194138795936263 | 
1071168051890849 | 
1645830739731031 | 
874208731988938 | 
785452687635141 | 
1195685575825839 | 
918539080810094 | 
1568828711068572 | 
1434058548178005 | 
839399578745010 | 
1588458479151248 | 
1872087786782209 | 
4168501803363853 | 
925706330121149 | 
1384560296420127 | 
1094127348751111 | 
1597977684213697 | 
1196967851896151 | 
1397055184693852 | 
723465647281329 | 
688543090686777 | 
914176704604692 | 
1030078945458052 | 
1193779168912342 | 
1439884114535212 | 
1039915074686959 | 
2141364526326989 | 
1791195088499320 | 
2664921370522066 | 
1563913191420401 | 
