1142292074543783 | 
4354456561454518 | 
854250594085497 | 
1237702958376704 | 
1642982800393768 | 
1513464443073575 | 
1405298841189035 | 
894265293390444 | 
2365618907278315 | 
1167643212026528 | 
2609149532794827 | 
2224345581302449 | 
2481854128917551 | 
857155334148253 | 
919240424004982 | 
4164219600391479 | 
921026794013936 | 
1246641640605946 | 
831823775970623 | 
757941563442188 | 
27047561294831432 | 
2594745410874931 | 
1199785845393628 | 
1928019204737125 | 
837592279325318 | 
1969620733658524 | 
1491906378934509 | 
1197482349263995 | 
2176404302891897 | 
2164167301057555 | 
957257680317973 | 
797383886708011 | 
756781597017976 | 
1370813864820685 | 
2007017183182811 | 
1604648554208984 | 
869706205976465 | 
2283253972191757 | 
2689222734787606 | 
800422536234420 | 
671995895950872 | 
2377952155985282 | 
877439191581608 | 
932386862480414 | 
1852525832131623 | 
919068197391709 | 
1435245145043774 | 
1428372995598468 | 
881098531595008 | 
2123560238405095 | 
1443033220556295 | 
4045076865783823 | 
1413650680071249 | 
2006532973540512 | 
1934336000449130 | 
1457709042408361 | 
1558559258559457 | 
2073415046771386 | 
3011663522358840 | 
1295316035802962 | 
1487963199614340 | 
1224076176564319 | 
34245870625056125 | 
918339540739460 | 
2453704521712619 | 
1259906736080961 | 
1300176618594146 | 
2760444477650241 | 
1618887522718302 | 
806028532500367 | 
1938834813709858 | 
1431494355132674 | 
1370518291763537 | 
885683683866271 | 
1304368328172146 | 
730085306595937 | 
3019421461586969 | 
1234393295041048 | 
1255070709392478 | 
926175783113490 | 
1528390738243933 | 
911400594968837 | 
1271559468289685 | 
918986287757236 | 
1462102005491687 | 
2032074327524131 | 
1259165909491932 | 
804254855403236 | 
1578434023461771 | 
1976817519935496 | 
1175206464539187 | 
1931655117430090 | 
2026906191566921 | 
1225441799675802 | 
1467005325014889 | 
903916869073459 | 
