1915656655700970 | 
899352849088603 | 
4143380469219133 | 
862284020084313 | 
895589259520585 | 
1591160138586309 | 
1146195207504272 | 
1463275448533227 | 
1920978688810482 | 
1198470862480116 | 
1674109323962231 | 
1560770608391708 | 
1531226904629199 | 
1152524366649727 | 
4289189924645632 | 
779961961167303 | 
2008115166793979 | 
1458573818938361 | 
1940336366568623 | 
1597982328289089 | 
787499821044741 | 
1378895120917464 | 
1494427148934764 | 
1420299176227070 | 
868879219395176 | 
3063460093838925 | 
2119036475574104 | 
748218148359401 | 
1547773509833942 | 
1403318464823418 | 
1254139289956213 | 
