8843453865761581 | 
694118039550725 | 
1682419436005907 | 
1117411950457005 | 
1934812263911003 | 
4123740164520614 | 
1049894973211642 | 
1199094395563804 | 
2120672761770800 | 
1179538450945942 | 
1057715822469271 | 
2074698729684859 | 
1375919373627935 | 
1141959544181349 | 
1205901267529165 | 
648987211365531 | 
523690647503170 | 
899092942977676 | 
1140350027839591 | 
24899643252963634 | 
2457965901203946 | 
684479394157399 | 
721089434195992 | 
750074744413117 | 
1372448967328878 | 
1666279731410955 | 
1226747929235609 | 
1570380883670739 | 
947815127747942 | 
4135447053439405 | 
1221786115994728 | 
2239387146485819 | 
1615822669093888 | 
1048039663838972 | 
701671242313226 | 
1724265511797055 | 
1412194766801465 | 
2187700095016410 | 
4143672082530590 | 
24543921431966157 | 
724960040070536 | 
2210702379408509 | 
844963118602877 | 
1204741341153084 | 
658073803919253 | 
1337929014087080 | 
909326228294824 | 
1212177863549356 | 
656460320547601 | 
3588748121428597 | 
874008960804918 | 
1313708146894552 | 
1097906415551126 | 
3867394133477626 | 
1273070754217402 | 
2418605165163462 | 
8131543653619791 | 
24144086478602924 | 
995489672483701 | 
1701721467179627 | 
620447541045008 | 
940823664961726 | 
697031906175777 | 
1270659688416679 | 
1348536499732861 | 
1465428787874897 | 
1904769107004028 | 
1353236739657517 | 
1538805720564449 | 
4849879461903772 | 
1422223239397583 | 
1081859310479194 | 
652759444206283 | 
1733282324067178 | 
3652378155062959 | 
737982255497673 | 
888387964025607 | 
1176840430678079 | 
997074512580841 | 
1505481293808576 | 
2243957502692629 | 
707324238776446 | 
1511587206678385 | 
1318488803327887 | 
1169779375151460 | 
30490245287255854 | 
1408146157312210 | 
840548082350782 | 
1198787195511561 | 
1237601301513899 | 
3132161756950686 | 
734475882498871 | 
2389290398111699 | 
2526299411064413 | 
749287440757514 | 
843841711410170 | 
702337979491340 | 
1059660232782694 | 
1423669309137562 | 
715131274469485 | 
4279754175641560 | 
10016704341756610 | 
877079407879139 | 
4089365101318315 | 
765139175853060 | 
2612554852454046 | 
1151916870150392 | 
895207729641386 | 
1469022871414261 | 
1092151609039353 | 
743961221363446 | 
886907130938005 | 
658427390119116 | 
1428302511661871 | 
1797757930891436 | 
1972832993187839 | 
1034554784877237 | 
761388666938650 | 
1185035043116603 | 
859485543794709 | 
1740778953511704 | 
1269619727859896 | 
1050899170351431 | 
25648643504763755 | 
2090662321339177 | 
812820404644877 | 
1496045578901763 | 
911715264601270 | 
688113527529970 | 
1615238416532382 | 
711468331290924 | 
32578149591799918 | 
1215807293267195 | 
1283426086476547 | 
1227836719432001 | 
26656840550585022 | 
1396304568174232 | 
710761574627997 | 
613576391546715 | 
1372786767330483 | 
2356790838081199 | 
4201648486790033 | 
1215198220626041 | 
1271269744879922 | 
1044198571113271 | 
1211337080394479 | 
717286104416754 | 
1652778378894425 | 
1608325393496990 | 
760077970240843 | 
2373033186424464 | 
1586620762004915 | 
1110487231227336 | 
1551419136057185 | 
1457791308588528 | 
948192291106302 | 
852996809016546 | 
1199911178457851 | 
1189294502989943 | 
904890692697381 | 
1054898583278819 | 
1422247528866634 | 
1245590953803911 | 
25252253834393702 | 
2197398917443540 | 
1385847542495238 | 
869284702104276 | 
1860013081311301 | 
3702514113213905 | 
1257020122841076 | 
601534875764155 | 
1084727810190099 | 
527000039720299 | 
1770032257216115 | 
1399699597765383 | 
25902449912710477 | 
1438933617640161 | 
1077330757609936 | 
706736682153585 | 
1465887127802466 | 
1950928399166385 | 
1231588952020675 | 
4145961665637406 | 
700015736123244 | 
1476216213367194 | 
1238445767790763 | 
1438726337196938 | 
1106717504825963 | 
685314854384552 | 
25251113404491675 | 
672291782350322 | 
1496966134806081 | 
706397772205129 | 
737651075432673 | 
885542350974173 | 
834234145831248 | 
707611348713065 | 
550636851099935 | 
2881885418637734 | 
1428048615410817 | 
1213135970126686 | 
934896031940031 | 
492739637220716 | 
626943790471866 | 
1228508995208813 | 
1846689672936154 | 
1309578140684770 | 
761992726712734 | 
2920734778107248 | 
1520272846051462 | 
1465107304625746 | 
2200575080350964 | 
1803722273694872 | 
1301973258160467 | 
628674639637220 | 
829562923399402 | 
1473460067848162 | 
534162152749664 | 
784895930777525 | 
1879477472672358 | 
1390402092216693 | 
798172479469984 | 
2456283181425570 | 
830580369522437 | 
554333167630037 | 
1563531564936295 | 
582398741576539 | 
989442510010954 | 
3948064998770132 | 
3878398525793473 | 
1818054315432883 | 
878341327951922 | 
684115820807281 | 
1204631328308601 | 
643796061809263 | 
1482896436318170 | 
1305495227221630 | 
1611536939529086 | 
980009000986348 | 
1303674447815644 | 
1273710887511208 | 
400028206497937 | 
1847538769509747 | 
652879610568432 | 
1960451137838497 | 
25565047083097805 | 
1652554465443061 | 
1434239521152821 | 
1468714634148828 | 
782399524145621 | 
940845525291414 | 
1315815123248446 | 
535180689559066 | 
2142819866129660 | 
1509406427218541 | 
1349619316149505 | 
2463334187350502 | 
2342719752846916 | 
2191067887991055 | 
1136480108242538 | 
903331992514090 | 
687921800731289 | 
833362016184889 | 
2790915404432101 | 
1421981395637936 | 
776563878704360 | 
721344700575547 | 
1749090033162698 | 
2126155224575997 | 
713948824976159 | 
3639197172887577 | 
24383892651291646 | 
1086325596713046 | 
1450539076427608 | 
1020902123173116 | 
1255029512626675 | 
10016780895105481 | 
1641312717035166 | 
370605795831370 | 
823024306794527 | 
581767748360581 | 
1342243877248369 | 
2360409127649900 | 
831569156493045 | 
3876105829348244 | 
4080945945518636 | 
25887869984148946 | 
973817514964103 | 
1408087093613366 | 
1247031687393438 | 
3706131139531468 | 
600852442984216 | 
871992775392925 | 
2760383657480040 | 
954751830071289 | 
1613291926030753 | 
1242240194223122 | 
759139030212102 | 
137996529408962 | 
1556690638670898 | 
695185133674280 | 
2239528019864383 | 
1033555818971524 | 
784451577401736 | 
737483345906608 | 
1573831596922864 | 
1049857476741146 | 
705990898919347 | 
4295406864014253 | 
24028949213405147 | 
846942564555869 | 
1185598403434644 | 
704145599233873 | 
1925219464907563 | 
3712549552369172 | 
1069949771679595 | 
1628481915023447 | 
1578074796879536 | 
714718671182157 | 
1017052093640730 | 
2257996734627016 | 
1142527551322895 | 
661586433625652 | 
3929458177344707 | 
733350162958932 | 
1506481210714010 | 
1443712027178412 | 
1439616557178883 | 
1111417504337309 | 
1088001246831696 | 
1067806388491499 | 
8069325273105788 | 
25627929683501526 | 
2095275917968349 | 
684387400828417 | 
4048870732098035 | 
1783749465826601 | 
9859962717394276 | 
939578352342561 | 
1530965118193272 | 
1400559778156457 | 
653870207497009 | 
664903909806245 | 
1248465696780926 | 
1767561560526615 | 
4248726208694363 | 
1568576217748509 | 
1263961261976737 | 
25005498769127164 | 
985563530037312 | 
1182561380655790 | 
893339796366581 | 
2780394242351667 | 
9490483447702392 | 
1193673588959666 | 
907297978844985 | 
2063274714206205 | 
1729413454448358 | 
1390763239085149 | 
1231567488934552 | 
979110311088042 | 
1966474260766853 | 
1596251218824687 | 
673215482121490 | 
1278349667081459 | 
1072249578222087 | 
9449900535059378 | 
815702544254439 | 
1331185794604167 | 
3128429017464525 | 
3705001146472896 | 
1093682119362674 | 
1072039821563248 | 
1075519097897192 | 
2192286221178404 | 
1182908573639454 | 
2084302389103187 | 
1242855083353746 | 
937761075493737 | 
2005623140270918 | 
1414018247392200 | 
799733026285926 | 
1227896122059252 | 
791046174006136 | 
1958115461691724 | 
3570750236567385 | 
6169770059935043 | 
2663480170487550 | 
1489941718783464 | 
2171393296685629 | 
1237663191797706 | 
1035958558701657 | 
4170446066532959 | 
883546331130130 | 
1949715542099396 | 
1030893172306120 | 
1393775948347870 | 
1855426202002039 | 
1555537502068582 | 
648488978036533 | 
655622994231317 | 
2462630757434051 | 
1819625128978053 | 
25674715132192409 | 
708110015269405 | 
913444954879437 | 
1404638727514763 | 
1568963870433483 | 
32963698783278036 | 
940114785354231 | 
1203912048246235 | 
3404292373043323 | 
1774926619872247 | 
1484652482484589 | 
1811518200247765 | 
1564851794708331 | 
1169323990981353 | 
1725489328040962 | 
1044861060952983 | 
1635132594316580 | 
1636687260304964 | 
1965823217487675 | 
927030026159957 | 
654234320834567 | 
1369657355191333 | 
1584699226013693 | 
1460220478518745 | 
1107651674821695 | 
1805650196731200 | 
1412741310051893 | 
735933035684727 | 
1245905196907264 | 
1350924272875081 | 
1123806966236721 | 
773031058689019 | 
1366819631436491 | 
707964655385254 | 
2176231766189022 | 
668724802580145 | 
628729193434682 | 
650946581041565 | 
1188185616138093 | 
1234068377729039 | 
687705460399788 | 
1969695613805861 | 
1663765311265267 | 
815008644227110 | 
2813035572217741 | 
606829609116397 | 
1201511731440724 | 
1443379440693265 | 
1896436107660567 | 
903160349069869 | 
1051088380420883 | 
795825996864152 | 
846133734807178 | 
1475360280294438 | 
1563712831319369 | 
1235514121295395 | 
2093839337795157 | 
1051173386983803 | 
3814595352178322 | 
744656038515846 | 
1671243577111641 | 
2183155762184725 | 
2686172235195648 | 
4354032741494247 | 
1471449030719070 | 
1205196111669958 | 
1642390449660009 | 
1596938527805382 | 
720126894510201 | 
760745410127519 | 
3474109176059806 | 
602062672956932 | 
1268730721453034 | 
894516236802648 | 
1215995973525408 | 
1972818696969280 | 
437985875679657 | 
1346141666979195 | 
1051439127103005 | 
912635948288839 | 
1218084073513150 | 
2425432401270722 | 
33793064337007323 | 
24677067555224452 | 
1322994332627365 | 
1193501182554687 | 
1624366015392993 | 
1481144623029093 | 
1386284069091242 | 
1131640288952385 | 
24787966010870048 | 
753661543870372 | 
1334239665027543 | 
795389253591253 | 
2135755460248083 | 
773392015077558 | 
1071200461755203 | 
1460677331574012 | 
1399482684914055 | 
807960268969328 | 
573850672185786 | 
1059381285524708 | 
1218790499121179 | 
1592957074706186 | 
3727450540878920 | 
2263667304075349 | 
644898355077248 | 
1462545004969215 | 
1503879484053798 | 
1181564540790454 | 
2121427561682393 | 
795049450202949 | 
10080650258646851 | 
1639692060373615 | 
1183585372902745 | 
2597473793927305 | 
558553403785284 | 
2111725966007275 | 
1194617442247251 | 
720363341085980 | 
1057685612924080 | 
2462410604117856 | 
666311666155623 | 
1321420635608235 | 
1708643373056823 | 
2071844766889063 | 
710873351268446 | 
914981748133956 | 
2919313841581543 | 
1068015638526532 | 
2627801407583192 | 
1244365257158909 | 
1724566181768924 | 
1933163673962277 | 
1939929850108402 | 
1654762558858734 | 
921462897467700 | 
1842725736573273 | 
1201643388070259 | 
724292290069074 | 
1023778232494451 | 
1609800576456156 | 
888453980666166 | 
972241351768298 | 
1172170478107404 | 
1355673569561944 | 
732898363160403 | 
1577395420113334 | 
1881721176066960 | 
1486205845905997 | 
1473302347469040 | 
1049886303913308 | 
4361901900709659 | 
1952506938840374 | 
10067243380020701 | 
1303429007896452 | 
1592024164849158 | 
1220946693102744 | 
592377109869166 | 
1248164040241531 | 
1221344295595945 | 
1160700148826665 | 
1378451243344627 | 
4259323244300388 | 
1604536707421637 | 
873698375245953 | 
3361522247348633 | 
1242829881116657 | 
560764783746293 | 
1213175524327922 | 
992220456402419 | 
1984427182106039 | 
671105445723657 | 
1258301852805348 | 
877878754710798 | 
1412542020175167 | 
765072639268079 | 
4080177395565234 | 
758772780144944 | 
942419578964130 | 
1343282600771942 | 
890478930573883 | 
26577336998533636 | 
1683124655662441 | 
1329800528325868 | 
748982617550817 | 
1232730374449209 | 
674753945707719 | 
1253365402935755 | 
1394833768355830 | 
1345177900640391 | 
1752154522008480 | 
1981225462411056 | 
1069345284727678 | 
834400026203572 | 
4263167203931417 | 
1542395246935990 | 
1812738912987060 | 
872562715731507 | 
2694775294197533 | 
830619823228494 | 
929533769595180 | 
1049357190429983 | 
1014264947512662 | 
1881967149007119 | 
1205584098077832 | 
1122623143025483 | 
3778497465629383 | 
1934696493604512 | 
1915413185948179 | 
1758652864800914 | 
769564848846458 | 
1356300426013908 | 
604686632622915 | 
1463452334670018 | 
807171528371549 | 
1404028324275910 | 
770388372263538 | 
1342474597148715 | 
1552734682683570 | 
10043465215738118 | 
553468067523455 | 
996190862353168 | 
731246712700205 | 
814730611621538 | 
1911942152888372 | 
4170760639904187 | 
1155358793446241 | 
1190467746090994 | 
1392287295212661 | 
2007978596471650 | 
1345509980039925 | 
1222981646652298 | 
1326470541982858 | 
1185998469934733 | 
3638157569818528 | 
1062610008655562 | 
1178052107071762 | 
1897159337746804 | 
4174278029511882 | 
1375200420255694 | 
1006593521680428 | 
4308400219443223 | 
2296242794119944 | 
2102769236903318 | 
1494621332368735 | 
695935390078946 | 
1528357828489660 | 
1000320632253564 | 
741265838993135 | 
1466677331027619 | 
1900164840914940 | 
4196207580597121 | 
1503437424355965 | 
4208034789476496 | 
1078093764113353 | 
698359956319484 | 
835267712451211 | 
1162423892732635 | 
3271124309856017 | 
940228471843812 | 
1912341879610237 | 
2151292285374777 | 
3974174629568152 | 
1114306703588466 | 
1252501646837846 | 
775243608488563 | 
1230454385128809 | 
1266586518078877 | 
1475280996801705 | 
1428694295274726 | 
1064116731570393 | 
4201407716848878 | 
1354951562447533 | 
1311833673643757 | 
1363141498661977 | 
1576913032981447 | 
2534251976941272 | 
9773121456136359 | 
1575772036967300 | 
1439331600600566 | 
1458250096020281 | 
4292135051033853 | 
1348111509597358 | 
1223581629140922 | 
701862522851998 | 
660078699959346 | 
2170717300011080 | 
1531889268095032 | 
1519117833217132 | 
3495620450580602 | 
1144863587391646 | 
1235148411350049 | 
683924231313397 | 
2507512719634981 | 
766419709492965 | 
25707931308833799 | 
1896377214627152 | 
735232432268677 | 
765157543043824 | 
1910482559790121 | 
1852278658997136 | 
1060457739276914 | 
1284461796744293 | 
649496681201044 | 
1588103232159951 | 
1161081932643947 | 
1503977797304300 | 
25354661734214716 | 
780363261522880 | 
1612187503453040 | 
672943885526571 | 
814854390972902 | 
1095903292738950 | 
748704608189268 | 
754293580933434 | 
758310369967388 | 
1362380558900699 | 
918976023647782 | 
1341089637171557 | 
1011574127182598 | 
711079378242797 | 
1197818628755160 | 
701669709101252 | 
1393804918384250 | 
1466356021511769 | 
1066305775561366 | 
666211645759579 | 
923379006838710 | 
1405460307437026 | 
1498347551469917 | 
776556575410068 | 
1326053595810203 | 
1112590000468224 | 
1936324847280413 | 
1352606923191975 | 
1758272548908905 | 
2652303708452388 | 
693365686834159 | 
1962122421295331 | 
1960946074588796 | 
820142830896124 | 
1129431329079952 | 
612281571967760 | 
1277121834458583 | 
1366077187964363 | 
1559656365075956 | 
1241463214079477 | 
692454000263272 | 
540904529050587 | 
10031459100248549 | 
1379396793210638 | 
991343169736090 | 
1186499403334489 | 
605230555874918 | 
30050597627921411 | 
2006309186849313 | 
3802734250037907 | 
2656343518091155 | 
1132690362121541 | 
24446439185011606 | 
1026060702472163 | 
4344140779191844 | 
823616413791968 | 
1424199438754569 | 
807709261610824 | 
870866865398669 | 
2649944865344190 | 
1112017084368773 | 
1297949205240795 | 
2113956462405178 | 
1326347962386894 | 
1319707759137370 | 
2065802597584005 | 
3800979453460269 | 
1083107120541794 | 
1170884478155491 | 
2247923069312456 | 
1206618494703456 | 
1468320708296764 | 
1723530188283945 | 
4207940292758516 | 
1841141183268274 | 
4052964381630662 | 
721653506861932 | 
1429693727906205 | 
2225653881198725 | 
1254324789973314 | 
1976396252902658 | 
