1046004753909784 | 
1012504323828090 | 
3205162909642223 | 
1326469562090873 | 
1237906078256268 | 
1432893814410716 | 
1308664653953211 | 
1992486401579407 | 
1150262843946969 | 
1278598450637630 | 
616995501469272 | 
1523814578219523 | 
822443787316324 | 
678202524689388 | 
990852236384745 | 
799704982937313 | 
1884539575749875 | 
1212603174345883 | 
1395895231508906 | 
1313051427506875 | 
632362749556206 | 
4163673377234060 | 
1272004177899315 | 
1735863211133864 | 
1961985334581940 | 
770530842326355 | 
1270676588402649 | 
780637347867628 | 
879029731471914 | 
835015326110348 | 
2683567185147296 | 
1050946353472288 | 
2257361631451467 | 
1722585895050664 | 
1258223369115311 | 
1936253763605088 | 
1097956642444536 | 
1019468170323173 | 
1101828745362106 | 
3691803281114252 | 
1413772179675284 | 
3153454884805232 | 
26162772189989601 | 
763194376232974 | 
1430127395196377 | 
1643023053748974 | 
1178106544388377 | 
829482469453162 | 
1518871346205201 | 
1180544763650218 | 
2321994591578958 | 
24718553314495461 | 
2257870241381208 | 
3268804589924868 | 
1474335360495470 | 
929933402547106 | 
997130442403405 | 
807925361568178 | 
2033767497374721 | 
1564357944558362 | 
649450901541942 | 
1341627957405001 | 
1427541108407863 | 
1179287064091104 | 
2127771798051932 | 
829381476407573 | 
1431851761266027 | 
3989728404675084 | 
760567709689576 | 
712386861295102 | 
768074612397837 | 
1793266701389781 | 
3267180556779931 | 
1773369196658001 | 
1437911807542067 | 
24507918878851334 | 
682425121368029 | 
1200004635381071 | 
2562764260773689 | 
1263934375491807 | 
2177107679415305 | 
844331131628339 | 
1448577996209910 | 
1053351523375813 | 
776125648423261 | 
771057322305394 | 
9935932573157682 | 
1331189004839941 | 
1182199097142272 | 
523931827478805 | 
1763433401030572 | 
608689321485876 | 
3803144986661091 | 
786002150535667 | 
862197796764205 | 
3124317424385058 | 
612687971578252 | 
768628285547306 | 
1934885434118255 | 
1078697457438359 | 
1424292145780973 | 
1174772947502988 | 
1369690300930059 | 
1160032496273931 | 
685025784352432 | 
1027504329433160 | 
1825097558392839 | 
1246688863308998 | 
1372689690883533 | 
776245468760183 | 
657039133498228 | 
3096377177209787 | 
4113824028866617 | 
2094068874669948 | 
814467808211690 | 
1548211489536172 | 
835358345925386 | 
790551617356693 | 
1418734232659637 | 
1415705636353664 | 
1833207657324387 | 
939414215437313 | 
1092977982180801 | 
713744144487368 | 
590432050280690 | 
1335854481386074 | 
1357233902159604 | 
811566254830510 | 
907932675182747 | 
674100865678962 | 
1306072327903490 | 
837959489163653 | 
1022073646735676 | 
1902844757002695 | 
2052701765532088 | 
783507224006795 | 
717893018034646 | 
509245252277012 | 
1703542990632664 | 
2281585085643656 | 
1935828824001378 | 
1494398691851002 | 
712741724673614 | 
1849656516412204 | 
1419124979226269 | 
886087753749280 | 
1524921685305261 | 
1327692512181813 | 
627048303767699 | 
2253139575179169 | 
1307124131421359 | 
1137234205286803 | 
1233117168904942 | 
1705686566698350 | 
707005215698360 | 
627854776956098 | 
1176617687901331 | 
1087343269914589 | 
1295987212418751 | 
1214272143961832 | 
2518098981865445 | 
1473466243722372 | 
4006197676377279 | 
25908989575371090 | 
844092541416247 | 
2029984691081715 | 
721636830330272 | 
4148539225382852 | 
2406837196431019 | 
2257455721373960 | 
1379039257087392 | 
24042638805360109 | 
2481357155653770 | 
837961578729591 | 
1602678710882541 | 
818488073845402 | 
1373697674267944 | 
826646329905132 | 
1111727697497441 | 
1091243879055119 | 
937751798770763 | 
1451086232664542 | 
1220181586234976 | 
905914205034652 | 
621836777633923 | 
1934842604113846 | 
1607956077186453 | 
1143987387344690 | 
4216391998641746 | 
756098700409102 | 
1405714714930649 | 
682673354378581 | 
1833893390826520 | 
1489479565451724 | 
1830914980883569 | 
1210885730948471 | 
2193008191126030 | 
1135045628671897 | 
793587273665032 | 
1192534859410295 | 
1184995753603935 | 
2809290452752428 | 
1708567916781379 | 
1409834236818981 | 
984063437277041 | 
1974584403270855 | 
805464992591200 | 
1175194637677843 | 
1854777528472927 | 
1145082804448936 | 
1676144503347152 | 
1358860662318128 | 
1119175117051866 | 
982770540725003 | 
853406074046250 | 
1915423739383454 | 
926712723023207 | 
616050604824511 | 
1051217017071550 | 
685899217820958 | 
25873851232256433 | 
1162730049165597 | 
1306566374830898 | 
1382784636738084 | 
1234317631720105 | 
805164972014336 | 
951855477290231 | 
1909737509968967 | 
1549284916265648 | 
1091276042383006 | 
867590112496907 | 
1360987452229202 | 
746252601701109 | 
855462097026876 | 
1146171147136857 | 
830718136412003 | 
1319554366254464 | 
704400835549934 | 
1068512665308394 | 
808244935518460 | 
1597510828321379 | 
674872462136954 | 
2910143309196492 | 
26121131950820965 | 
819540887558539 | 
649256758266255 | 
1905476850015035 | 
923283827228208 | 
958423366757428 | 
1361787555694037 | 
1195751612435051 | 
760751389738022 | 
4065938850382918 | 
1231941695537050 | 
1943864812876722 | 
1765764694071076 | 
1900506010891980 | 
1851045728882590 | 
703812712353224 | 
25440752342215209 | 
4800106646882540 | 
1421862819720446 | 
1690502561638829 | 
1186803346120786 | 
842961581609581 | 
2072384886829956 | 
1416919939909081 | 
722890400482134 | 
811055268414224 | 
25201050729547453 | 
808714985334585 | 
2330613390731227 | 
1168432025036619 | 
1383888663756300 | 
1241808537414669 | 
4097821703793080 | 
4133432493589963 | 
2132723757464446 | 
768779788943018 | 
847181581340277 | 
1139607885044338 | 
25320503737611192 | 
26432656109684461 | 
32921817544098886 | 
1133190018917723 | 
728308486427770 | 
595585870220856 | 
928595559298592 | 
929622426405162 | 
2265695487220673 | 
833754159401348 | 
2957741934421000 | 
1839826046922731 | 
1047967873847041 | 
1127305439567111 | 
1210479390549667 | 
25350486004564620 | 
1705253793779522 | 
32626776706968367 | 
1294070719141920 | 
627795766999993 | 
1862153161058555 | 
1160072216117611 | 
24402195199454766 | 
1597497225027860 | 
1771053256883271 | 
724576783818747 | 
1611464653945402 | 
2020760948714573 | 
1335001131172208 | 
1542076873647025 | 
1492083485181333 | 
2246749635751794 | 
760092839719521 | 
735214102380549 | 
1168864898338635 | 
1903463573785229 | 
1180972896836357 | 
1048675917436523 | 
854890717142903 | 
1559905152097796 | 
744032598433607 | 
3034617083537044 | 
1247751543362391 | 
3174588016052284 | 
1056086019187294 | 
1330280491924200 | 
1090484469700114 | 
836862362637867 | 
1357067969217556 | 
4435611640058751 | 
1177488087649232 | 
1116176470351495 | 
1162012616055615 | 
692925126694035 | 
1664745211166534 | 
1523596445451859 | 
1861847094721678 | 
1147451330548104 | 
1536334827646478 | 
1548737489818077 | 
832203629794660 | 
1225060442406608 | 
856858127110190 | 
1525425208483381 | 
3730001693960081 | 
3063409737158261 | 
1655191009131112 | 
2121975888312230 | 
1132188142110893 | 
24989912313969000 | 
1652318998729991 | 
1359603212568395 | 
1153907820278841 | 
1506453413937390 | 
1125634665993638 | 
880433414666923 | 
1160776976122091 | 
816173344393030 | 
931252186319797 | 
661540963336560 | 
1295006062520490 | 
1609600723542677 | 
1154755916769491 | 
2050457429032950 | 
1157078269748392 | 
1149981056667279 | 
1566817024493377 | 
1745313306380558 | 
2385484358602321 | 
1636323470466590 | 
829547889806937 | 
614855861672437 | 
1147965134172844 | 
875948768106074 | 
1248422193986140 | 
1382198663259843 | 
1229391745716602 | 
718334690884610 | 
1082484633477674 | 
1360948282194429 | 
1217705560414108 | 
1207732747844664 | 
1457258642661030 | 
1159704282256156 | 
1802923803939736 | 
2348593135613882 | 
1369321818077395 | 
2024055965152137 | 
1160702296177326 | 
1147285497086047 | 
950853620698640 | 
2607511422947577 | 
2092854644790559 | 
1039604464890055 | 
723874830106964 | 
1413814940235831 | 
1687940288777800 | 
2084864522324715 | 
1353766512823182 | 
3242197219266053 | 
861547736912965 | 
1274788614407144 | 
819492454208424 | 
732357575805930 | 
23995883903378384 | 
24858916960445982 | 
1066604028696750 | 
870233812197106 | 
1342359333795330 | 
3054692344714266 | 
1437332754690387 | 
904416562149411 | 
820909297396835 | 
1372988500696951 | 
835629839176443 | 
2154576698406163 | 
843701314921289 | 
1343558460909136 | 
1793011268018265 | 
738092528633802 | 
828572590063713 | 
1279743660538146 | 
1213051327302889 | 
1405082580509738 | 
839345255719275 | 
2039063673600748 | 
845749901435117 | 
770888678823595 | 
1616638149514389 | 
1188209059415346 | 
4444395445847085 | 
1532708951038032 | 
825142750409634 | 
1385866099554695 | 
1064059622427336 | 
1394860935326023 | 
1578390746586591 | 
1796328754375298 | 
863523782901011 | 
559606729973405 | 
1106490224644128 | 
1204666345188518 | 
819444660937437 | 
837281685347018 | 
1317824319570851 | 
1075463094400663 | 
998011205873414 | 
1252717399753178 | 
1235482518397653 | 
1116749216986068 | 
1417680073314481 | 
4234355843486767 | 
825009050526774 | 
1104175181779331 | 
918035117051467 | 
2831370620533903 | 
1241034087875645 | 
1263154682491706 | 
4481457638749597 | 
1498901384697385 | 
817426767950985 | 
2466886833713664 | 
851669507211104 | 
1565926561432232 | 
1141812241262451 | 
1474836550482872 | 
715108151626972 | 
1594305141729198 | 
1886073285268954 | 
1452751929100463 | 
1472194757877700 | 
1805800330105765 | 
1345899997153075 | 
840637061660827 | 
1954357152054040 | 
1438518103877575 | 
841996468439553 | 
1082714461588223 | 
1217146523558281 | 
743403678335261 | 
1778893082772086 | 
1960726121494115 | 
1529912168214466 | 
1416349999861504 | 
1144518217343346 | 
728462803473315 | 
826948906601196 | 
2013663396251645 | 
26887151034236042 | 
2228235790913608 | 
1533168397827264 | 
1859321751686180 | 
2123233595081286 | 
848645511155326 | 
1773576723593496 | 
1458845672282221 | 
699772836259892 | 
1370455621351909 | 
912140034982191 | 
1945946052964609 | 
1061503439302423 | 
1365839965001575 | 
3029970397175397 | 
1038485285161760 | 
1477349750025525 | 
1261517246070922 | 
4053625238261987 | 
1731167784240334 | 
1148662134035467 | 
25973245265700623 | 
1411711813585691 | 
1554648922849958 | 
2024855834957433 | 
1209748490813698 | 
1162165309197686 | 
1608466857074344 | 
1533157667708852 | 
997888205860384 | 
1197145425661860 | 
830016256408347 | 
879351611434652 | 
883617774172550 | 
1159258149517122 | 
1133747665584987 | 
549945321545462 | 
2090776241713611 | 
1549330712935786 | 
905438235732429 | 
2178734662609048 | 
1153238159607489 | 
2355602324878497 | 
1193719885936714 | 
1403098141586381 | 
605280325971524 | 
1289291532998499 | 
1498213541486810 | 
741624201869221 | 
1638803313946596 | 
923990583612880 | 
2657498404603615 | 
840289515220705 | 
1418716210040947 | 
3329657243849339 | 
671546106027689 | 
1784117515872559 | 
2875080489549744 | 
666441269639740 | 
1817204918829847 | 
1904014860469380 | 
1604929654173310 | 
25041856008811067 | 
1672786714099973 | 
1162256775870848 | 
1523625396057233 | 
2148044682683963 | 
1401935331938893 | 
920642117490757 | 
947321648239352 | 
805020278916721 | 
2559262307802474 | 
852319810790856 | 
1247029750568990 | 
836047722456034 | 
1661740168520115 | 
1672721150750779 | 
1592050132075778 | 
1904921960381407 | 
1563582568109851 | 
1087388513436391 | 
856822920716814 | 
2138453513640627 | 
762233462876443 | 
1460960899106872 | 
787775320760564 | 
1354619530008346 | 
836520828783392 | 
514181074614821 | 
533411552387224 | 
1036205197918732 | 
1190689039688956 | 
1250212469384536 | 
2270818863274260 | 
2200931140270786 | 
820508333567960 | 
1039619028319936 | 
1194050928680964 | 
1481192563305420 | 
1209641463793582 | 
1497017115093052 | 
1370883257882247 | 
1943127189956398 | 
2177887185969848 | 
1921300085461203 | 
1041090061403443 | 
838854045667364 | 
1329868997978164 | 
856729416796479 | 
1014310693236569 | 
843056137758548 | 
698465609834492 | 
1183584737020532 | 
1516179755939076 | 
1153777262921201 | 
1447152029830570 | 
1212043776455542 | 
943698634540482 | 
1360720508885585 | 
1904199607649387 | 
1184645510459274 | 
720717077535488 | 
452722467750945 | 
501671952259253 | 
1534648640587779 | 
762213296137118 | 
1462052738155664 | 
1264361141729687 | 
1457466512283551 | 
827467429904465 | 
1351775115938686 | 
9968382783182733 | 
1160863092668086 | 
1039186218248504 | 
1112278581076045 | 
1421371209174117 | 
25165866706381498 | 
9914627335298979 | 
1532161454080323 | 
1716008832619117 | 
9842691299121210 | 
4224543354436388 | 
1340769400863206 | 
823944343310187 | 
1149861934011443 | 
1071055478366045 | 
925299282539544 | 
2199778167142138 | 
1667071368007394 | 
853888487310379 | 
1715387112477895 | 
545747055239272 | 
1645190029476269 | 
874773648510326 | 
1411578096834587 | 
1620795618719512 | 
616293224828238 | 
1057310989642048 | 
762870752903326 | 
1150264840537097 | 
823203443900282 | 
1763420664470509 | 
1934755140305173 | 
2717745355084897 | 
1048745770612356 | 
2165492853974112 | 
826574372961116 | 
726388983055267 | 
3211528092338356 | 
2344034039314882 | 
1111281004467450 | 
1085984850171148 | 
736941409159372 | 
1634016220808455 | 
705160852068622 | 
1024734992424047 | 
1394823848640301 | 
4087738704829338 | 
704107532476822 | 
1282629576818900 | 
1986930741845104 | 
1630740904162520 | 
1923380571769078 | 
2618332878543440 | 
1379994080362504 | 
1211315133955016 | 
1629310671714171 | 
521072471017596 | 
1974888193341357 | 
1442801103535008 | 
1370223344026378 | 
2983744051808755 | 
1118017619825903 | 
2240075816811412 | 
879062781950740 | 
1542763633424399 | 
2045979996260030 | 
1561959728096108 | 
1729121651104806 | 
1358750532650803 | 
2573224656370672 | 
1344098556928827 | 
990418016560639 | 
1287682616324097 | 
933974492511462 | 
1451259766123644 | 
1168779125071678 | 
699102699458621 | 
709712628088842 | 
25348937031406166 | 
4831278310431830 | 
1148724370411542 | 
1953861418469753 | 
3823163771163140 | 
710986678688103 | 
590224400816663 | 
788607366913349 | 
1420256525967145 | 
936216898616608 | 
4375155382706561 | 
485564947405660 | 
1061255412663102 | 
2623968171296991 | 
2212654382512319 | 
1040946141101139 | 
4137453366494980 | 
1324017399387977 | 
757111320714208 | 
1509135737076942 | 
1135438428713007 | 
793864359879453 | 
652501194479816 | 
874409428380596 | 
1416681956607837 | 
1094777129013013 | 
1435049377665831 | 
3862518000724877 | 
1079838924168221 | 
727537303505492 | 
2552751438415384 | 
674773129023678 | 
694516953079607 | 
1519379612638294 | 
1191827436438623 | 
1072253661526594 | 
1891242465075562 | 
1362223338329913 | 
1186553696565528 | 
1278965293653784 | 
1926652404899226 | 
2898229640357885 | 
798649102778632 | 
853075617393732 | 
2089623145110589 | 
1358544345994332 | 
9181768958594575 | 
977304821528384 | 
1231055005430604 | 
1323379599536502 | 
1423713682606337 | 
2107756226687597 | 
863557923283034 | 
795716336221922 | 
1152421346370647 | 
1205354521641547 | 
700133482936487 | 
24187331957582550 | 
3977579502554690 | 
4242124189363373 | 
1888183731766346 | 
2015564199227758 | 
722853683937972 | 
816535571229224 | 
1595833154907797 | 
1226074058986513 | 
1000307565404466 | 
1304389235019987 | 
1144946357573140 | 
1151679199806374 | 
1326146325919142 | 
4412874802266021 | 
1244958510528948 | 
785927307100452 | 
24354978140798326 | 
2387047668413768 | 
1070433178237398 | 
1167627052141983 | 
1619678452792331 | 
1225505655651613 | 
1760894627891104 | 
1154337696113920 | 
1449134976180314 | 
2261123047690645 | 
637160645384504 | 
1971353586980385 | 
696505179515954 | 
798110636061385 | 
1448373726259478 | 
1330350474741406 | 
2351234665312010 | 
730777866709907 | 
778209624629766 | 
1466124814942476 | 
844922454729472 | 
1398676385203590 | 
1322229835937049 | 
1646554705995756 | 
32513524908261490 | 
707976455131569 | 
1406930860568570 | 
1370312317759726 | 
718867367414524 | 
811756921581220 | 
2136241180227784 | 
1038692331497336 | 
860328926503320 | 
1315385729853970 | 
1136068291667422 | 
683383404419424 | 
1131433435459490 | 
1147965226894899 | 
628464536966773 | 
1047478707592691 | 
797360313198766 | 
717110774773315 | 
1550709622752163 | 
1720635161909740 | 
825076646562916 | 
2337643846664386 | 
4270738389911669 | 
691816360009604 | 
1876011986457780 | 
2037077990362139 | 
1989525844785298 | 
2447108555706111 | 
1334438914556418 | 
802910452354115 | 
3654679754837269 | 
623919317421030 | 
1154390689531337 | 
1501477361134085 | 
1096602392447980 | 
684555591364486 | 
582440774361105 | 
2082190012272437 | 
1153952253333397 | 
1539766950556468 | 
1373317983755446 | 
760935429853114 | 
1344600813686442 | 
1906375456646754 | 
4364857787077372 | 
835946166056240 | 
1212381430379590 | 
745891824429002 | 
2280271409140116 | 
1032126834914555 | 
829672909862417 | 
1201583568292750 | 
742514972139780 | 
1513441443276509 | 
1520298265759756 | 
2385162415332079 | 
842149928190143 | 
4109611695960379 | 
3317010668460027 | 
800353419555463 | 
2638733083191888 | 
1572449527531401 | 
841772121537821 | 
670093906172610 | 
1229304925671743 | 
1582365996084937 | 
1340118187564982 | 
1427190345283851 | 
710154632103397 | 
720282044461327 | 
844411408121228 | 
805814278912594 | 
1351712819499210 | 
1929399204335884 | 
1389900492466819 | 
4314386045495404 | 
1907661656510190 | 
1299111592000143 | 
1404979740976009 | 
2676151036055303 | 
853696290461330 | 
25684110964515194 | 
2092448378162973 | 
845987154557739 | 
2145555499306781 | 
673816905437284 | 
1147642703624709 | 
825017829929700 | 
798052639804304 | 
1538502200722233 | 
849381977762456 | 
