1012504323828090 | 
1308664653953211 | 
1278598450637630 | 
1523814578219523 | 
4163673377234060 | 
1097956642444536 | 
1430127395196377 | 
24718553314495461 | 
807925361568178 | 
1427541108407863 | 
1179287064091104 | 
2127771798051932 | 
829381476407573 | 
682425121368029 | 
608689321485876 | 
768628285547306 | 
1027504329433160 | 
1246688863308998 | 
1415705636353664 | 
783507224006795 | 
1494398691851002 | 
1307124131421359 | 
1087343269914589 | 
1220181586234976 | 
1143987387344690 | 
1833893390826520 | 
2193008191126030 | 
1708567916781379 | 
853406074046250 | 
1306566374830898 | 
805164972014336 | 
1909737509968967 | 
1395635724694922 | 
1360987452229202 | 
1146171147136857 | 
808244935518460 | 
1361787555694037 | 
760751389738022 | 
1231941695537050 | 
1900506010891980 | 
1421862819720446 | 
2072384886829956 | 
1416919939909081 | 
2330613390731227 | 
847181581340277 | 
728308486427770 | 
595585870220856 | 
1127305439567111 | 
32626776706968367 | 
724576783818747 | 
1674241927289675 | 
735214102380549 | 
1168864898338635 | 
744032598433607 | 
1247751543362391 | 
1330280491924200 | 
1357067969217556 | 
1116176470351495 | 
692925126694035 | 
1387110485744564 | 
1147451330548104 | 
1655191009131112 | 
1153907820278841 | 
1125634665993638 | 
661540963336560 | 
1295006062520490 | 
2050457429032950 | 
1149981056667279 | 
829547889806937 | 
1229391745716602 | 
1082484633477674 | 
1207732747844664 | 
3388780957952387 | 
1802923803939736 | 
2607511422947577 | 
1687940288777800 | 
732357575805930 | 
1343558460909136 | 
1394860935326023 | 
683287111363647 | 
1075463094400663 | 
1235482518397653 | 
1417680073314481 | 
918035117051467 | 
1263154682491706 | 
1565926561432232 | 
1359400538491580 | 
1452751929100463 | 
1472194757877700 | 
1345899997153075 | 
840637061660827 | 
1954357152054040 | 
841996468439553 | 
743403678335261 | 
1264125918559442 | 
728462803473315 | 
848645511155326 | 
1458845672282221 | 
699772836259892 | 
1945946052964609 | 
1578270960100780 | 
1038485285161760 | 
1477349750025525 | 
1148662134035467 | 
25973245265700623 | 
1209748490813698 | 
1162165309197686 | 
2596122114108036 | 
2090776241713611 | 
2178734662609048 | 
2355602324878497 | 
1403098141586381 | 
605280325971524 | 
1999705784296905 | 
1289291532998499 | 
923990583612880 | 
583524844818409 | 
3329657243849339 | 
671546106027689 | 
1784117515872559 | 
666441269639740 | 
1817204918829847 | 
1523625396057233 | 
1287781450075842 | 
947321648239352 | 
805020278916721 | 
852319810790856 | 
1247029750568990 | 
4526567720912824 | 
