707953968990675 | 
24305381069158745 | 
1307779207471850 | 
687402643770023 | 
2961703154013603 | 
1390105982831166 | 
1336209658196517 | 
24764515029884798 | 
1365032631907524 | 
1467424997701245 | 
1871015367186861 | 
1914992905781494 | 
725589587167728 | 
1336267514969889 | 
1751735985520633 | 
1503736167443683 | 
1126616346301991 | 
3226946224120744 | 
1369638208062221 | 
810664221826316 | 
1174489274565029 | 
1788063688475171 | 
617589050611795 | 
2258667581244724 | 
1190391199626828 | 
1331047048767999 | 
1749401579316812 | 
683957594361790 | 
1384569213368571 | 
1744357143618027 | 
1590827882187488 | 
1389575249473382 | 
2914276642076178 | 
26457911023812713 | 
1406506923942847 | 
25859976080309048 | 
1253877236680635 | 
1656864505761172 | 
1169891274940887 | 
2141189580039853 | 
1807729856593308 | 
1609822336882733 | 
916137184535508 | 
1198857772315487 | 
