1462764268021827 | 
1103655910759587 | 
697210329428498 | 
2096763127775944 | 
950208217427963 | 
630111726655085 | 
2255116841684347 | 
671255055541862 | 
1472794351132574 | 
1948970955988766 | 
955860980235772 | 
934951029511564 | 
1461028918743123 | 
906986392071289 | 
2146341256197867 | 
925714643369734 | 
1341583271327780 | 
1326993772621295 | 
1990596521492304 | 
1465598671644608 | 
944790128116807 | 
1481610400281864 | 
1254163176696183 | 
2237214470355214 | 
1431821831968401 | 
1570296060752500 | 
2118071382341573 | 
1835888683773222 | 
1587069985884006 | 
26019036241052275 | 
628465809672871 | 
1472985020884249 | 
1463523685302587 | 
4459643710987149 | 
1956975884891307 | 
1902168480402136 | 
1400793222060080 | 
768072116371564 | 
4438020576517808 | 
909001288574499 | 
1743508270336987 | 
1590365048555358 | 
2780337182310684 | 
2197349994131780 | 
2405255446587067 | 
1236897701542370 | 
2129650604554421 | 
906618258676818 | 
1447104123666089 | 
1848158955874547 | 
929578222781426 | 
1252201899763668 | 
2644255449308216 | 
730394403373286 | 
657853090482794 | 
2010533652835416 | 
1371134501368040 | 
822308507549739 | 
1458378449060550 | 
1657611268713190 | 
1634884394181161 | 
2475698446178080 | 
25978226601786902 | 
1239509561095401 | 
1299885085399235 | 
755854404060056 | 
1499875161559682 | 
906393925615279 | 
1997303367800071 | 
1706580200498531 | 
1547115296379335 | 
1242094284785480 | 
1217227193728728 | 
1979208116045366 | 
2029962340924853 | 
1401195867973547 | 
1638505837493079 | 
1932727398130131 | 
907715818717612 | 
1258073149750572 | 
1434870378353161 | 
1194999345822137 | 
1602587841013227 | 
1418656873060215 | 
1249528217314369 | 
900935296039934 | 
2103678197033795 | 
1252270189718476 | 
1821351232075207 | 
1640288124088710 | 
913120827994141 | 
2427585007685125 | 
659560656916787 | 
933164499368810 | 
1316431856964641 | 
932933975880940 | 
35538648812400878 | 
1711495209750018 | 
1289858063048574 | 
859411570443594 | 
2029449054284921 | 
956546540043810 | 
1669743317731024 | 
1664266058351148 | 
1496566468570344 | 
4435920336664311 | 
1528744912155726 | 
782224321605134 | 
1149178643883846 | 
918341131163547 | 
1469482271250256 | 
937288662193473 | 
1532507478874521 | 
769605266220886 | 
1464278731991057 | 
1604092020899876 | 
4347969118821731 | 
958365233305778 | 
1982972318882103 | 
896023663244973 | 
919320113839913 | 
2774447482895199 | 
2023467101885462 | 
2084040695775582 | 
1461346148921157 | 
1195861642395023 | 
864851502706315 | 
1247021237023491 | 
3665150626971493 | 
1603706310901729 | 
852311311179210 | 
821005611046069 | 
1369461630954928 | 
793529470470303 | 
935265209213048 | 
909576208666163 | 
809205578237562 | 
1442758150963049 | 
26585525177720439 | 
1294077212781077 | 
914946861461723 | 
2197141797487888 | 
1502773431440089 | 
1298890635415308 | 
1967725273837660 | 
1915439455800691 | 
928125253307554 | 
26235362106082840 | 
868089102944613 | 
899944332670693 | 
951412530682987 | 
1247251050808119 | 
1408559013887211 | 
783483584385406 | 
1211048561018826 | 
857662597289097 | 
2808435149506210 | 
791113776830300 | 
1253614636189945 | 
1452299013237481 | 
1447841953544495 | 
1628482821807161 | 
4348691762122686 | 
4516607028554623 | 
904640015614538 | 
4480126018937411 | 
1639943334006679 | 
2146004442898705 | 
905537632359302 | 
1690091468855935 | 
26107708838871474 | 
1919486392268413 | 
1957672411773806 | 
2007779796619260 | 
893007846895444 | 
2334846830332378 | 
955424163488552 | 
3513465045473103 | 
2213072065765938 | 
789175320917690 | 
2027932231215057 | 
940106821841812 | 
919166963926665 | 
2033241837223213 | 
1020119541186171 | 
895102039997349 | 
1612654846598756 | 
762934459969428 | 
1261049285986023 | 
26514200011555741 | 
1120096060210159 | 
926544689919533 | 
1454978599606558 | 
1238429048494196 | 
922687733688791 | 
1458884926026114 | 
1405015944168619 | 
1968629781201108 | 
1901269637161380 | 
3850270841945991 | 
949540297509538 | 
796567286279031 | 
1298002959048145 | 
897144939760975 | 
1984872492098068 | 
1218543943597724 | 
3469363103216331 | 
1697767438255665 | 
945130991301806 | 
905419662276331 | 
1250947170460291 | 
923127917077852 | 
854542144269057 | 
1463665502100291 | 
1818819298785462 | 
1950392062251948 | 
1431300641781838 | 
1722530495214868 | 
953608450675379 | 
1973069020307747 | 
912738978208155 | 
1399876465157069 | 
1449209476896576 | 
810836271363399 | 
5221740934716884 | 
853094361076988 | 
919240377695546 | 
969709258740827 | 
972332075354700 | 
1933036727311484 | 
1467663421650742 | 
944690491288183 | 
1047964410561186 | 
4303903889885303 | 
1603036027611330 | 
1978034613595442 | 
1441693344004746 | 
1157779043099091 | 
1442794264017251 | 
1605219130788058 | 
917515134328302 | 
900660416188267 | 
965753739520835 | 
785759310813928 | 
26013377218324777 | 
2099191667541395 | 
783181224845496 | 
1238521901819862 | 
937295225510182 | 
1776855390386242 | 
1392625492667357 | 
1481501753341104 | 
1372622894552995 | 
922995940593791 | 
956984106893562 | 
1576262416967762 | 
1533470635013871 | 
1649215252907762 | 
2436585290105146 | 
2106502326852771 | 
1612664513346303 | 
1445537907075145 | 
1440678241137222 | 
1434191728252586 | 
779985671830999 | 
942253088660896 | 
960263089896757 | 
2167610827110610 | 
1902265850657939 | 
2173969020040171 | 
1219039933549745 | 
1414131963168270 | 
2049915812549786 | 
2656797614701683 | 
1816141822359462 | 
4500202220305217 | 
917034457717726 | 
2110837679754112 | 
1451367833102659 | 
3495905967234202 | 
2016359085980395 | 
1693058082075948 | 
2344769616032819 | 
902993366062002 | 
1655247418937388 | 
2465290810562094 | 
1467949544965088 | 
1575574441237328 | 
26161553020153579 | 
4318102601738227 | 
1463668591823959 | 
1982357209828429 | 
1611127116767335 | 
4309578705985981 | 
898272662813226 | 
961895506173649 | 
1453848819774497 | 
1814807669216347 | 
4043170525817325 | 
850063104720551 | 
1638803750479460 | 
901421335993482 | 
4103544173199485 | 
1872158380132043 | 
1514167316794007 | 
992746186883175 | 
1992440221623075 | 
913573041376432 | 
1241963501373982 | 
1413297646673363 | 
2811460435859627 | 
937142785417844 | 
913154581325816 | 
945817481430316 | 
1270442595012863 | 
989983270257403 | 
1227958596137594 | 
1580024656414685 | 
1460558389132332 | 
796934963448042 | 
1284627876895548 | 
3901015420198774 | 
1402794181531955 | 
3470980356373078 | 
2026739811523040 | 
1499008521942177 | 
941577315228336 | 
1563090194778138 | 
3081789228677250 | 
1230964172521305 | 
2007295730201102 | 
1237980891815325 | 
1837384310309862 | 
25854522674219293 | 
1511541384306921 | 
900953939450060 | 
915283327811727 | 
1434064888184258 | 
1554379168958555 | 
1409962250403658 | 
2122549511862630 | 
1492387775726701 | 
947149154559131 | 
909595341887317 | 
2002706830589643 | 
2031727817725385 | 
949532541101796 | 
933583716227601 | 
805230335342737 | 
1940803953978131 | 
3769256893427250 | 
907046285389447 | 
35159102197021762 | 
1601324707784086 | 
1202693068394915 | 
1212672504188821 | 
3006075922914721 | 
2399307037194905 | 
1718735572447985 | 
1492478945634020 | 
1275453651225152 | 
1446289273664769 | 
1451427836587181 | 
2280393816088622 | 
1565659561400649 | 
785249991240167 | 
791245930707317 | 
1685622872806459 | 
803256749481146 | 
1119588653626947 | 
850271471398026 | 
4335197233419330 | 
900189412655549 | 
1642512266935787 | 
1545132623219434 | 
915075528091895 | 
1246199637619872 | 
795993216887730 | 
1092854383018074 | 
1247541003549651 | 
592863973845121 | 
2020702861807826 | 
1471763617868734 | 
1436581287933804 | 
1422860236250962 | 
1379092050285241 | 
768403552693109 | 
839349265834660 | 
951038307883217 | 
1715980752705383 | 
1352452923546320 | 
1463818455131730 | 
940687271684477 | 
1408734183873187 | 
1350383076910284 | 
1245569891112939 | 
4473609929589812 | 
1087427306890908 | 
1592491345316976 | 
1454973409401037 | 
1598677861402863 | 
1747972719500065 | 
1232577179002092 | 
903268279350104 | 
1439233007687912 | 
949692604164600 | 
1628141891938789 | 
25200044013004676 | 
1604373000904830 | 
915676568122964 | 
1933790983885564 | 
1399077235236572 | 
2164001310804797 | 
812476144524974 | 
1445349167318195 | 
1456186272551182 | 
1622503439001539 | 
951432590904615 | 
909887964999248 | 
1838511036917366 | 
4015216598777980 | 
910720634912637 | 
862377886807730 | 
887307397454790 | 
1648856392962545 | 
1450154373447753 | 
928654310130583 | 
4333548380215269 | 
1597676911534387 | 
926872263608344 | 
2079757146194013 | 
1964354151119913 | 
1772952377022148 | 
26493019546982146 | 
946124684425185 | 
895677523530723 | 
1436621317439794 | 
3426014490891013 | 
936200555454457 | 
913434941392135 | 
2429071887520502 | 
1549347472796296 | 
26555846127356446 | 
924208916761177 | 
906363062387343 | 
788455280975881 | 
1254006679506310 | 
1635085490844032 | 
1449945043464230 | 
26415550174800163 | 
2022400792035301 | 
26695841746686331 | 
1245639974408128 | 
921639197463363 | 
1430579928547875 | 
2096802444440272 | 
907720152168776 | 
965645509324788 | 
928898966293975 | 
3893972720907203 | 
1491333505919859 | 
2184689442269669 | 
1903924536995613 | 
1294135535908314 | 
1631048601571019 | 
1620376199382609 | 
906864462242200 | 
1277518757664608 | 
1998667904867134 | 
2026188374939997 | 
2433035293795844 | 
1582949682992944 | 
2172693006891196 | 
1472570077706210 | 
3128307554006125 | 
793603009961715 | 
969599605727635 | 
1252997392984082 | 
1455412346176688 | 
1909157916431339 | 
1263990302546137 | 
1231455465848051 | 
2009770953278913 | 
2120076355484422 | 
4647584682154065 | 
898880272774717 | 
906444718839872 | 
1610975506839315 | 
1428688195302108 | 
1651690669515176 | 
1387292196485155 | 
1616578459388977 | 
763356559873675 | 
2182711349199440 | 
801202982463787 | 
1613933089747905 | 
1495265475285999 | 
1252472053007281 | 
953207573718904 | 
1654816025673962 | 
1479418990279742 | 
1629066664897765 | 
1246543330362805 | 
2037720850118762 | 
2348532095667072 | 
791868527322300 | 
929844689455758 | 
1403711134555247 | 
724209227444900 | 
1226904746273383 | 
1590171185464081 | 
1591114282148587 | 
2411528392622480 | 
2120023085446369 | 
2513554469039024 | 
912132291307035 | 
1476527964091182 | 
930215946169494 | 
869315792814831 | 
1242474378010547 | 
1417524966222947 | 
3094837584039709 | 
926540506524932 | 
1480435546925656 | 
1462293112286515 | 
2370381303457018 | 
3275537142615111 | 
2270141660063177 | 
908724528574950 | 
902392232605809 | 
4279248478953655 | 
974921575287556 | 
882877644732370 | 
1466235094909177 | 
950355614000698 | 
2782207505447505 | 
1586511889273176 | 
1584900582793549 | 
1611489390075903 | 
2216468875553161 | 
1472689180887129 | 
3290282111141329 | 
1959010364824799 | 
786958384475316 | 
2457893708005261 | 
1471597701375218 | 
1263832619038480 | 
911654878420595 | 
943000711582393 | 
821397390210904 | 
1977337162854290 | 
1191745689504588 | 
3228591980656427 | 
1459166009209707 | 
2646874609039068 | 
1430291351929772 | 
1365209315377911 | 
2247914336135846 | 
4462444860704217 | 
1975794609812573 | 
1477134627184083 | 
956540960380668 | 
2400026957137568 | 
1373572894450916 | 
1302399055283737 | 
923164923754540 | 
1439779550921216 | 
943213768196837 | 
811694574592677 | 
1457355075775140 | 
958444303419876 | 
1413165356797004 | 
1237023781880103 | 
26529573563321081 | 
1487413916504953 | 
1477385437507830 | 
757803077210701 | 
1416174592998169 | 
1652288236187747 | 
1923603748300942 | 
958721623385508 | 
1987133368818064 | 
1699132141241354 | 
1449869213305271 | 
4593460584310054 | 
926506470230214 | 
1715746543137178 | 
1417510706787734 | 
881872578152024 | 
2188960911862517 | 
2069468076927957 | 
1993232138273374 | 
937480295433138 | 
921257010288729 | 
3057152351142671 | 
1243822381219542 | 
1660023822102241 | 
1284794843081821 | 
1260816925979492 | 
1255173883246204 | 
1279354944063268 | 
954534117082820 | 
918513207447262 | 
1929355091041879 | 
888941907461144 | 
2361834687631057 | 
1614703236144056 | 
1644856776698481 | 
912883318195738 | 
917471241006206 | 
917112974258370 | 
1601185491162476 | 
1309113141265168 | 
1455729436197938 | 
967565125702668 | 
940535441808071 | 
898861982969946 | 
1196692192283148 | 
1256327385937641 | 
935821505641788 | 
2337382506673708 | 
1214426154198718 | 
1464470815297618 | 
1618190216176443 | 
986940886992768 | 
1289226676634361 | 
953032157407910 | 
2172558506904094 | 
1927023934581213 | 
2884764025207142 | 
1952702368696833 | 
1872818463418383 | 
2201231380711924 | 
2815441405469902 | 
1281217127241165 | 
1329600989210546 | 
1228808486036896 | 
1055700544287126 | 
2017043409161258 | 
1242642054114001 | 
1553661955703520 | 
1990562948480216 | 
1660151228332938 | 
2013479355869201 | 
4259154847564737 | 
1643839096804346 | 
1565142484568441 | 
1480330553558711 | 
1999922327577799 | 
952268687475039 | 
26130588589954604 | 
1659760498369332 | 
1528399765296298 | 
26088500760777953 | 
2198830590862385 | 
1764728268187039 | 
2146615312577219 | 
2032035220675398 | 
2382298475596534 | 
1472122570943755 | 
1977904869468726 | 
1622426865767960 | 
1568465477561403 | 
2334577670342270 | 
1454906702690472 | 
711192455322588 | 
3454343414717407 | 
879898388382908 | 
2030479981145265 | 
4298320847070802 | 
1660656671606672 | 
1270569191886411 | 
1714425469577206 | 
2541827722879415 | 
3838274916464669 | 
4140194712957321 | 
1534558654764131 | 
933079682650120 | 
608533969017287 | 
1546316857494292 | 
3729185087290402 | 
1223219806688118 | 
26468165509444404 | 
2085206652274303 | 
4417111898572992 | 
2693486791020974 | 
1488039062657317 | 
1257887822338639 | 
929771360010325 | 
1195125342475706 | 
1319699993302912 | 
1416425403036702 | 
26249524238015131 | 
1495809755502252 | 
26807112985558516 | 
25978569075096779 | 
1728119652301886 | 
1452123216416447 | 
1241040338155958 | 
1410455143741890 | 
733659819701352 | 
1918312582224931 | 
1611343003447468 | 
2159020221524806 | 
1048411771175251 | 
27121660200770036 | 
1596763618194475 | 
1853803921996472 | 
3340125836151332 | 
2322736384876176 | 
26265521959804161 | 
950562370819562 | 
26056184740675757 | 
1997723484513581 | 
2014990082698096 | 
1630096121331495 | 
1437739384694596 | 
1263284835369730 | 
1974756886769704 | 
964316236773085 | 
2031493940807872 | 
923573187041945 | 
1349340167015307 | 
1327104206132354 | 
1552851099130968 | 
945071681238649 | 
945402964623345 | 
937404382013036 | 
1201257768524509 | 
793323647160088 | 
2373920583052266 | 
1622504112402425 | 
1505073124662727 | 
918908811065352 | 
1238225781771833 | 
3353209094855110 | 
1250989087178951 | 
1879684886075233 | 
2180165122803801 | 
1957206174871166 | 
1232070825782793 | 
926736039761176 | 
2119449442208641 | 
2151185285626351 | 
1409204381003078 | 
1488312312679292 | 
1929749037643958 | 
973543432008420 | 
1486962346347567 | 
917048397857137 | 
944063334810961 | 
1590816892224093 | 
1227890712665784 | 
1252728986268596 | 
1501491914732859 | 
2061349211459704 | 
936366512199364 | 
1749380113106821 | 
1667188577774393 | 
933938949216989 | 
1518982692928316 | 
2085527415637311 | 
1326028155954878 | 
1448712399988588 | 
1521595699970380 | 
1577997643419758 | 
1252765976428841 | 
1643281266984810 | 
1378603050974810 | 
2113315696149143 | 
2084335922346882 | 
3132752630238100 | 
1226043749651006 | 
2378664779320845 | 
950034061307637 | 
4001045316854072 | 
971552565444465 | 
1914551139453575 | 
805799382573190 | 
1291227096226861 | 
1324013862877179 | 
989098610468881 | 
792777207198261 | 
1568561057582938 | 
848525824937611 | 
1568199984283920 | 
1604878794178475 | 
1142957004523111 | 
2105782993603823 | 
1272041888131872 | 
2013630229501723 | 
1382850126840634 | 
1473751961082410 | 
1466960401530586 | 
1458053312628007 | 
1639104460416682 | 
808418168251678 | 
812886384464913 | 
761486520121716 | 
1182744823735432 | 
1462030515567120 | 
908703268711091 | 
936969605547786 | 
1562981741446918 | 
915227094815692 | 
3111003892432529 | 
898480559700466 | 
2113059542860353 | 
1253864636848810 | 
1602990047579025 | 
2121802365236017 | 
2547795262303553 | 
1352979886882145 | 
1942282150010305 | 
1257885645743175 | 
1438066757253599 | 
936103095678100 | 
1448699503627686 | 
1248301676834281 | 
1906735613536069 | 
1424805886051995 | 
2127843551286106 | 
2190023801738527 | 
787638750608157 | 
1624621518761318 | 
1254108200022557 | 
781604914603005 | 
26140106129016643 | 
1462742312238898 | 
2110568903037386 | 
703283686139943 | 
1198790755408944 | 
1469801477676040 | 
1455516529697584 | 
1231830752403385 | 
1575622540323070 | 
764676789833756 | 
1478977747154318 | 
1976374383254623 | 
1294438055945188 | 
921717777135680 | 
941815298354541 | 
1467457775022044 | 
2408370959584483 | 
2170251427061069 | 
2000093677525997 | 
918623717584004 | 
1638256744037055 | 
1508284490871878 | 
1609447480201139 | 
2070450620192481 | 
1661808711667832 | 
1639531980557109 | 
1291127779545798 | 
2000134507231650 | 
898015206326806 | 
888252890697439 | 
908239225437387 | 
1239061777875273 | 
1310097584315863 | 
1279088300951749 | 
2027222524844873 | 
2753584951663139 | 
1265151365543895 | 
1543828627579173 | 
1298363055438295 | 
1474739984223046 | 
1299583252227405 | 
2357208411408831 | 
26173404365621596 | 
1894163614565312 | 
1238769094902414 | 
1464128655349624 | 
914980311434666 | 
1914731302506294 | 
1498859911799870 | 
1331206699061209 | 
25376520505354673 | 
1405895474161025 | 
706507742455199 | 
908871135365826 | 
934976858948537 | 
925406363328448 | 
1918440192174271 | 
1606215423765650 | 
1184273220449620 | 
2021381735425372 | 
1272348211486374 | 
1155469003230946 | 
773000572196936 | 
919865197462350 | 
940018595236722 | 
1241797361491459 | 
955261060783904 | 
1243132617939851 | 
860458363713194 | 
923445020045959 | 
1434269331529109 | 
1317921443721260 | 
1428843582119799 | 
1598370461430936 | 
958221926728602 | 
963743716299001 | 
953749503794528 | 
897004886586612 | 
1263225821843921 | 
843761752058362 | 
2457449108107375 | 
1127388989463756 | 
1378355304062144 | 
2889731421230997 | 
1483791590076776 | 
796051526873994 | 
822853067495458 | 
1633622427645217 | 
3375263115971696 | 
2229635810777800 | 
1468543618261843 | 
916163051015799 | 
1632177667978583 | 
1593721751710066 | 
1671302040576785 | 
975295388262885 | 
1701742784599784 | 
792324350592788 | 
1169869411737850 | 
921195053704508 | 
2249082582166270 | 
1260096816065698 | 
1474571607333733 | 
938029858749705 | 
4314857822128409 | 
2015503062719912 | 
1470291874608746 | 
4410302132622784 | 
952779164103753 | 
1634155214471283 | 
2196675121163938 | 
1619986129127899 | 
2118966485550059 | 
26031437039870582 | 
3285133821660791 | 
893503830247986 | 
2327487781105192 | 
1229257656055912 | 
3790866277887034 | 
943935838187361 | 
1632744211065192 | 
1801501023849535 | 
1590499468685127 | 
799960272660124 | 
1851228938865279 | 
3852807204861106 | 
901978706037289 | 
1255875025976058 | 
965630899130714 | 
1249706407369382 | 
1281485677230011 | 
1309254891030125 | 
1367437211808683 | 
2802058343475519 | 
2320379488463654 | 
885841157779605 | 
1576199300342911 | 
859476553768187 | 
1082240150768732 | 
2169993970415403 | 
1470898304390124 | 
1637731860701231 | 
1256451389909893 | 
930810652822699 | 
1803838310294151 | 
2046212402660452 | 
2445516152579242 | 
930688246108972 | 
2045441703015363 | 
1235025278288914 | 
1994324014819112 | 
1298526155504270 | 
775035732131178 | 
1658640321838641 | 
3123089374537431 | 
947416374415569 | 
1258727412374708 | 
930990489536043 | 
1588740052211541 | 
894737446894868 | 
932903445804979 | 
2453864265042516 | 
982172900819879 | 
2370817616733259 | 
3230789887082245 | 
940488788514384 | 
903943199283589 | 
3425953530887709 | 
1165488402214131 | 
1461226652209292 | 
3180336622154586 | 
1260139705472725 | 
1667714707730804 | 
4469831013340844 | 
4292879897638128 | 
3806963236100569 | 
1413355900268246 | 
1649004136116205 | 
722055714206873 | 
1976928763260182 | 
1401770551258010 | 
25974452682225764 | 
1233781751802108 | 
3874926852809053 | 
4239036069759714 | 
4318238655090259 | 
2345893899224184 | 
4225824471010684 | 
1585215882685720 | 
1227610209586865 | 
1977997426403972 | 
3126627397541134 | 
904354602438970 | 
1642963590383275 | 
2423893698128495 | 
1433690731788486 | 
1858954601476290 | 
4602029753414271 | 
1491935579116830 | 
1325532926050808 | 
2711457142537843 | 
1768945707412994 | 
1625335265377416 | 
2373117906499293 | 
26094833773515464 | 
922266890673030 | 
25831629796465368 | 
3368025656696255 | 
1614003246573305 | 
739861852397883 | 
2120165028745939 | 
903296179247743 | 
1644328980347028 | 
2018890162379181 | 
1167644578712786 | 
1642124063462944 | 
768503539404763 | 
4413042812305930 | 
1632900244692453 | 
949485650894979 | 
1360449432787519 | 
795403340279203 | 
1477021213992570 | 
1421291829047463 | 
1706522946984777 | 
1700014037823627 | 
2040372479843605 | 
1614014853131819 | 
1910295752938859 | 
1229283845955991 | 
26305357772426635 | 
1503061058147395 | 
1343489854188682 | 
1583191622798094 | 
784089368085289 | 
937828798765581 | 
936047725464500 | 
1421653082797383 | 
907250408793495 | 
928731246541197 | 
2252077838654399 | 
1992103448374877 | 
2007460396840873 | 
