2096763127775944 | 
950208217427963 | 
630111726655085 | 
2255116841684347 | 
1948970955988766 | 
934951029511564 | 
906986392071289 | 
2146341256197867 | 
925714643369734 | 
1341583271327780 | 
1326993772621295 | 
1465598671644608 | 
1254163176696183 | 
2237214470355214 | 
1570296060752500 | 
2118071382341573 | 
26019036241052275 | 
1472985020884249 | 
1463523685302587 | 
1956975884891307 | 
4438020576517808 | 
909001288574499 | 
1743508270336987 | 
1590365048555358 | 
2780337182310684 | 
2197349994131780 | 
2405255446587067 | 
2129650604554421 | 
906618258676818 | 
1447104123666089 | 
730394403373286 | 
2010533652835416 | 
1997303367800071 | 
1979208116045366 | 
1638505837493079 | 
907715818717612 | 
1258073149750572 | 
1194999345822137 | 
1249528217314369 | 
900935296039934 | 
2103678197033795 | 
1252270189718476 | 
1821351232075207 | 
1640288124088710 | 
1316431856964641 | 
932933975880940 | 
859411570443594 | 
1149178643883846 | 
918341131163547 | 
769605266220886 | 
1464278731991057 | 
958365233305778 | 
919320113839913 | 
2023467101885462 | 
2084040695775582 | 
1195861642395023 | 
864851502706315 | 
1247021237023491 | 
1603706310901729 | 
821005611046069 | 
909576208666163 | 
26585525177720439 | 
1967725273837660 | 
928125253307554 | 
26235362106082840 | 
783483584385406 | 
1447841953544495 | 
4516607028554623 | 
1639943334006679 | 
1690091468855935 | 
26107708838871474 | 
1919486392268413 | 
2007779796619260 | 
2334846830332378 | 
955424163488552 | 
2213072065765938 | 
789175320917690 | 
940106821841812 | 
2033241837223213 | 
1612654846598756 | 
762934459969428 | 
26514200011555741 | 
926544689919533 | 
1454978599606558 | 
3850270841945991 | 
1984872492098068 | 
1218543943597724 | 
1697767438255665 | 
1250947170460291 | 
854542144269057 | 
1818819298785462 | 
953608450675379 | 
912738978208155 | 
853094361076988 | 
919240377695546 | 
969709258740827 | 
972332075354700 | 
1933036727311484 | 
944690491288183 | 
1603036027611330 | 
1442794264017251 | 
900660416188267 | 
2099191667541395 | 
937295225510182 | 
1392625492667357 | 
956984106893562 | 
1649215252907762 | 
2436585290105146 | 
2106502326852771 | 
1612664513346303 | 
960263089896757 | 
1219039933549745 | 
1414131963168270 | 
4500202220305217 | 
2344769616032819 | 
902993366062002 | 
2465290810562094 | 
1467949544965088 | 
26161553020153579 | 
1463668591823959 | 
4309578705985981 | 
961895506173649 | 
4043170525817325 | 
1638803750479460 | 
1872158380132043 | 
913573041376432 | 
1241963501373982 | 
1413297646673363 | 
1284627876895548 | 
3081789228677250 | 
2007295730201102 | 
1434064888184258 | 
947149154559131 | 
2002706830589643 | 
2399307037194905 | 
1718735572447985 | 
2280393816088622 | 
1565659561400649 | 
803256749481146 | 
850271471398026 | 
1246199637619872 | 
1092854383018074 | 
1247541003549651 | 
1436581287933804 | 
839349265834660 | 
1715980752705383 | 
1352452923546320 | 
1463818455131730 | 
940687271684477 | 
1747972719500065 | 
1232577179002092 | 
949692604164600 | 
1399077235236572 | 
812476144524974 | 
1456186272551182 | 
910720634912637 | 
862377886807730 | 
1450154373447753 | 
928654310130583 | 
1964354151119913 | 
936200555454457 | 
1549347472796296 | 
26555846127356446 | 
906363062387343 | 
788455280975881 | 
1635085490844032 | 
1449945043464230 | 
26415550174800163 | 
2022400792035301 | 
965645509324788 | 
928898966293975 | 
3893972720907203 | 
1491333505919859 | 
1903924536995613 | 
1294135535908314 | 
1277518757664608 | 
1455412346176688 | 
1263990302546137 | 
2009770953278913 | 
4647584682154065 | 
898880272774717 | 
906444718839872 | 
2182711349199440 | 
1495265475285999 | 
1479418990279742 | 
2037720850118762 | 
2348532095667072 | 
929844689455758 | 
1590171185464081 | 
2411528392622480 | 
2120023085446369 | 
1476527964091182 | 
1417524966222947 | 
3094837584039709 | 
926540506524932 | 
1480435546925656 | 
1462293112286515 | 
908724528574950 | 
4279248478953655 | 
974921575287556 | 
1466235094909177 | 
1611489390075903 | 
786958384475316 | 
2457893708005261 | 
1191745689504588 | 
2646874609039068 | 
1365209315377911 | 
2400026957137568 | 
1302399055283737 | 
1439779550921216 | 
1457355075775140 | 
26529573563321081 | 
1487413916504953 | 
757803077210701 | 
1416174592998169 | 
1699132141241354 | 
926506470230214 | 
1993232138273374 | 
921257010288729 | 
1660023822102241 | 
1929355091041879 | 
1644856776698481 | 
1601185491162476 | 
1455729436197938 | 
967565125702668 | 
940535441808071 | 
2337382506673708 | 
1464470815297618 | 
953032157407910 | 
2201231380711924 | 
2815441405469902 | 
1228808486036896 | 
4259154847564737 | 
26130588589954604 | 
26088500760777953 | 
2198830590862385 | 
2382298475596534 | 
1977904869468726 | 
711192455322588 | 
1534558654764131 | 
1546316857494292 | 
26468165509444404 | 
1257887822338639 | 
1319699993302912 | 
26249524238015131 | 
1452123216416447 | 
1241040338155958 | 
1918312582224931 | 
1611343003447468 | 
2159020221524806 | 
1048411771175251 | 
26056184740675757 | 
2014990082698096 | 
1974756886769704 | 
945402964623345 | 
937404382013036 | 
918908811065352 | 
1238225781771833 | 
926736039761176 | 
2151185285626351 | 
1409204381003078 | 
933938949216989 | 
1518982692928316 | 
1326028155954878 | 
1378603050974810 | 
3132752630238100 | 
1481072230336595 | 
950034061307637 | 
4001045316854072 | 
971552565444465 | 
805799382573190 | 
1568199984283920 | 
1604878794178475 | 
1142957004523111 | 
812886384464913 | 
1562981741446918 | 
915227094815692 | 
1602990047579025 | 
2121802365236017 | 
1942282150010305 | 
1257885645743175 | 
1438066757253599 | 
1448699503627686 | 
1248301676834281 | 
1624621518761318 | 
781604914603005 | 
1462742312238898 | 
703283686139943 | 
1575622540323070 | 
1976374383254623 | 
1294438055945188 | 
921717777135680 | 
1467457775022044 | 
1638256744037055 | 
1508284490871878 | 
2070450620192481 | 
1639531980557109 | 
898015206326806 | 
888252890697439 | 
908239225437387 | 
1239061777875273 | 
2753584951663139 | 
1543828627579173 | 
1894163614565312 | 
1464128655349624 | 
1498859911799870 | 
1918440192174271 | 
1606215423765650 | 
1184273220449620 | 
773000572196936 | 
860458363713194 | 
923445020045959 | 
2457449108107375 | 
1127388989463756 | 
2889731421230997 | 
4209816725975828 | 
3375263115971696 | 
916163051015799 | 
975295388262885 | 
1701742784599784 | 
4314857822128409 | 
1470291874608746 | 
1619986129127899 | 
3285133821660791 | 
1229257656055912 | 
3790866277887034 | 
943935838187361 | 
1851228938865279 | 
2169993970415403 | 
930810652822699 | 
1803838310294151 | 
2045441703015363 | 
947416374415569 | 
940488788514384 | 
1260139705472725 | 
1507869667424711 | 
1233781751802108 | 
4239036069759714 | 
1642963590383275 | 
2711457142537843 | 
2373117906499293 | 
922266890673030 | 
25831629796465368 | 
3368025656696255 | 
1477021213992570 | 
1421291829047463 | 
1614014853131819 | 
1583191622798094 | 
925653376912168 | 
864155373342436 | 
937828798765581 | 
907250408793495 | 
2007460396840873 | 
1343393344482758 | 
1436252597974569 | 
1424678659199788 | 
960280879763196 | 
1698077467910887 | 
825383400574589 | 
1510284013796365 | 
1604885050618462 | 
1203994191808139 | 
2367284120453094 | 
791919273968997 | 
1452860583167272 | 
1241631810943159 | 
1509492943931286 | 
1239497448366833 | 
1718140556263101 | 
1594480885099600 | 
1634048387723610 | 
1270063847804396 | 
4388742894671291 | 
1406300607490225 | 
1079093531944705 | 
1424001552840660 | 
1427732778325260 | 
2353087405166180 | 
1408088753861993 | 
1559132091841333 | 
1222171013230418 | 
2002642694019278 | 
1287274649969512 | 
968135185549590 | 
25913249328297877 | 
1287284786627999 | 
1579452006444081 | 
1282859253757431 | 
2160837091124622 | 
1435448864792155 | 
1287016889976174 | 
1751137539625244 | 
1421788769691446 | 
1627188155154237 | 
1529143091934591 | 
1962748621117573 | 
1480700970385339 | 
913197075027219 | 
1292281676122157 | 
2116457139138143 | 
1131196542408363 | 
855806077519109 | 
1550218726081704 | 
1281045954090147 | 
1429454361451621 | 
963922686085474 | 
2138056730317832 | 
1438410414416544 | 
707548512445995 | 
1606028247346419 | 
1808586233157212 | 
4484898065169286 | 
2755738544779379 | 
1640384303820527 | 
26040575505594325 | 
930359923249240 | 
1466067441908027 | 
802809765633817 | 
915251747963139 | 
1981704432695187 | 
1690948121892649 | 
946887391186741 | 
1276364557762435 | 
1894942704503208 | 
924855693579769 | 
4190448901269859 | 
1596497908326442 | 
1615955742945770 | 
1289400776411552 | 
828126840312867 | 
2417616028684237 | 
1265218772418403 | 
1248574363440391 | 
2374467023064936 | 
2380320482456113 | 
1417444812931506 | 
1411280574019752 | 
936657725572938 | 
1258844595817684 | 
940794168363682 | 
1251705120400621 | 
1897486770966204 | 
26380432524971157 | 
1960932241173554 | 
1630824677946357 | 
1287359769983016 | 
1608391317135440 | 
799352656556672 | 
1705995197236179 | 
2734998733536791 | 
1273442318088703 | 
1251624476397071 | 
1780001176290552 | 
2002272190692029 | 
35588433057422407 | 
1707930500377802 | 
813562911082140 | 
1255439782711662 | 
901137469576507 | 
1649998822658825 | 
1884737002154742 | 
34828269110097519 | 
1706746537155523 | 
1478188157154416 | 
917596141125057 | 
1562372938172695 | 
4306789052867273 | 
24545191461846018 | 
1261100572018107 | 
2323938518082804 | 
1242763264086812 | 
1617719616017651 | 
1596502068238002 | 
1474651714670629 | 
1635367547505842 | 
1616441552929878 | 
983637717657265 | 
1650219159485552 | 
2416623125454867 | 
1690659842092357 | 
2119672888816682 | 
1004831995549247 | 
711049302001262 | 
1138432551666330 | 
1496978858800649 | 
1472459081071592 | 
1980290592884614 | 
1693345752026924 | 
2001441107249675 | 
1433018761635606 | 
1295150312494246 | 
1864975717532855 | 
922008860740817 | 
952092700491118 | 
1566444421321902 | 
2135382967283009 | 
1727664591530335 | 
1499613385168958 | 
1453800789425006 | 
1471635687645135 | 
1506584511072315 | 
1454130833169326 | 
777791458328546 | 
1216740810539506 | 
1556983325398522 | 
1608900070324972 | 
736227276111343 | 
2013825149196508 | 
3026709757529502 | 
1468889564820934 | 
1262032316045708 | 
1360171396135572 | 
1464359558395015 | 
1154757529977019 | 
1301016838538917 | 
2052787151954388 | 
1912776129405884 | 
2801184773574898 | 
939552021805708 | 
906076822045087 | 
1501225298228813 | 
1245393870447655 | 
1985042219055935 | 
1604204650844220 | 
917128534444669 | 
1257094829888118 | 
2699323920443331 | 
1818644458814520 | 
903475795646917 | 
1453458626570165 | 
1438700234601914 | 
1544308236630556 | 
915345048020035 | 
912803485073400 | 
1602401267664848 | 
2771893216496055 | 
1482906170092787 | 
718604781242469 | 
1382839887218156 | 
905665328901041 | 
1431184858592785 | 
921486910856134 | 
2602006576867108 | 
1423413846150412 | 
1270073155310253 | 
4473167876273874 | 
1345007440992650 | 
4425600834337674 | 
1254592352881280 | 
1660673281587080 | 
1724978661888481 | 
2172462316873028 | 
859029027152119 | 
1264339565162128 | 
26117549111227528 | 
799238203225923 | 
26073655505590813 | 
1268627678701378 | 
1597751288106035 | 
911690244906315 | 
966783442688817 | 
1469168578167261 | 
4256222267923598 | 
1221057823104671 | 
1425833098753841 | 
1453338483090112 | 
947687584365316 | 
1940844659854409 | 
958713563504895 | 
962649462904995 | 
1822956488683257 | 
1423852215532120 | 
936371802681805 | 
1267704161420508 | 
938115155628219 | 
1381514967066916 | 
1431377308727162 | 
909838888522268 | 
1242080551414909 | 
1671319540569618 | 
1564019248231992 | 
2664013620652521 | 
1307507304907543 | 
1214018397197550 | 
1552006209592507 | 
926208706671220 | 
1688539195484831 | 
821415607668600 | 
922110700524712 | 
1256252493374572 | 
1419343739468678 | 
2068989393685655 | 
1264470518509746 | 
1472679324495246 | 
905246025718381 | 
1921514418448122 | 
1265746375685872 | 
2141766583266550 | 
2222965771566634 | 
4271478696441984 | 
1870738656978892 | 
4255501141371015 | 
2700208973661022 | 
1029347943600646 | 
1421425569279556 | 
928838636530834 | 
1735969237806085 | 
1677575686765012 | 
842772558865280 | 
1428988655096339 | 
1489583682663061 | 
4359301487732098 | 
1299618555380425 | 
2254385865088309 | 
921824137444103 | 
1451603169709096 | 
26740747072189518 | 
1452917596482952 | 
3388111548032574 | 
787528384032505 | 
939534598561332 | 
1278460707557519 | 
983834654148251 | 
2788697604812612 | 
