1471156108345677 | 
1506501403778578 | 
2331499460695918 | 
4009994015958215 | 
1429926648595470 | 
878694761354683 | 
1602099660926701 | 
1415399996986672 | 
2337033570104627 | 
1542950376919880 | 
1780708649277883 | 
2089881751837523 | 
1934705557127745 | 
1229085378721881 | 
2185011998693144 | 
936945709007062 | 
1995945187930654 | 
887695750661050 | 
1970960977124132 | 
1307671854747653 | 
1254086279415873 | 
893823749695473 | 
1407067690858885 | 
1570449720672923 | 
26071694815804463 | 
26279477651676329 | 
1436690237837785 | 
1224573396432343 | 
1194057159594710 | 
4356386301310601 | 
33409964455318146 | 
708070015589577 | 
887532153993245 | 
842540415311819 | 
739368958869152 | 
1565140598053767 | 
772763275867292 | 
875215861890315 | 
1634082128024694 | 
749488904514871 | 
1401341654622208 | 
1388837259132889 | 
1514394846957552 | 
2296599514086206 | 
1662581518515336 | 
1694199175295934 | 
893231639980098 | 
860729673413300 | 
894033796595218 | 
1819642992082213 | 
1532606324462496 | 
935632122320862 | 
896785366438458 | 
1456025186203694 | 
2107356916742510 | 
4404325959812403 | 
2223308158491281 | 
1947750066164975 | 
1459626232259485 | 
1596397245019137 | 
1266269248751723 | 
4277424815833652 | 
1236110344513014 | 
913628474413579 | 
1528810761556058 | 
1597258924952379 | 
1640723446916007 | 
1666013104383836 | 
2160487344785520 | 
1214164544190013 | 
1390890855692118 | 
1581789929705804 | 
1275579431094599 | 
1075140984767044 | 
33414236871524567 | 
1671688907146627 | 
2107457493342457 | 
1625516698624497 | 
1701224260840899 | 
1425763639215781 | 
1601101234422899 | 
1553994712524538 | 
25687069564293909 | 
4415558725430794 | 
25554461517558938 | 
1377026620290743 | 
1428744581953359 | 
964313450101567 | 
769076142430507 | 
2126919931476811 | 
1319381833282303 | 
1529048069229999 | 
957423369949028 | 
1517227396047554 | 
2044053869470794 | 
1593134708806287 | 
1175834651205908 | 
921686103751649 | 
918536670543942 | 
4281513055499838 | 
770004838990826 | 
1076825634572761 | 
1296055679212053 | 
1257364185849771 | 
3079964178849615 | 
2230238344449699 | 
1591660502161122 | 
2286038641891399 | 
1447717263738372 | 
1591895621864361 | 
1418605946375451 | 
1803431607021745 | 
2014441439123105 | 
893369006916041 | 
687935897741804 | 
1456982692572767 | 
2715205862149481 | 
958145806539633 | 
2077928796339639 | 
671280652678649 | 
1420559072798147 | 
997048046828215 | 
1982459445645480 | 
1228325809411751 | 
1534792387610403 | 
2099490750883571 | 
753317700800644 | 
1487379663387124 | 
881931287944834 | 
1859657674682952 | 
2371686276624023 | 
1163056789237655 | 
923189566729717 | 
1212665337351798 | 
1477272610496169 | 
1497428345100988 | 
1617720139253928 | 
912088364510102 | 
895098103481543 | 
932565135794829 | 
1299148162080639 | 
1461787692190736 | 
912378917839409 | 
2079118549517461 | 
2448079942310491 | 
1421426296203680 | 
2273373549817488 | 
750646558096060 | 
1827651337951434 | 
1541098020328911 | 
759957630517656 | 
790121646865254 | 
874677781844740 | 
2099139184256646 | 
2399534150508380 | 
