2331499460695918 | 
4009994015958215 | 
1429926648595470 | 
1415399996986672 | 
2337033570104627 | 
1780708649277883 | 
1934705557127745 | 
2185011998693144 | 
1970960977124132 | 
26279477651676329 | 
4356386301310601 | 
33409964455318146 | 
708070015589577 | 
1634082128024694 | 
749488904514871 | 
1388837259132889 | 
1532606324462496 | 
935632122320862 | 
1456025186203694 | 
1459626232259485 | 
1266269248751723 | 
4277424815833652 | 
1597258924952379 | 
1640723446916007 | 
1666013104383836 | 
2160487344785520 | 
1390890855692118 | 
2107457493342457 | 
1425763639215781 | 
25554461517558938 | 
1428744581953359 | 
769076142430507 | 
1319381833282303 | 
1529048069229999 | 
957423369949028 | 
1517227396047554 | 
1593134708806287 | 
770004838990826 | 
1296055679212053 | 
1406312087179038 | 
3079964178849615 | 
2230238344449699 | 
2286038641891399 | 
1447717263738372 | 
1803431607021745 | 
2014441439123105 | 
893369006916041 | 
2715205862149481 | 
2077928796339639 | 
1420559072798147 | 
1534792387610403 | 
753317700800644 | 
881931287944834 | 
2371686276624023 | 
1163056789237655 | 
1212665337351798 | 
1497428345100988 | 
1617720139253928 | 
912088364510102 | 
895098103481543 | 
932565135794829 | 
4150100265242011 | 
1461787692190736 | 
1421426296203680 | 
2273373549817488 | 
2345129639302372 | 
1425781592623392 | 
750646558096060 | 
1827651337951434 | 
1541098020328911 | 
759957630517656 | 
874677781844740 | 
1588134842404173 | 
1920640588526294 | 
