1474507940957304 | 
1293781959337098 | 
854626060969462 | 
768931589320515 | 
939962198491215 | 
3269108956605922 | 
1295362022486573 | 
1233402815609035 | 
2010411609570071 | 
1260347102703828 | 
2620089711725030 | 
1269365375125064 | 
1275080324501439 | 
923497763730874 | 
4310957239178229 | 
728578543493538 | 
777036471421126 | 
24643378958601770 | 
1615425306064947 | 
730992969560345 | 
1466045138204388 | 
2442708286165207 | 
1239485048358577 | 
1236969638575725 | 
3511672118968459 | 
1208662484400631 | 
882938008080628 | 
2024970108430951 | 
