984267970600605 | 
843873658675174 | 
2367311190410281 | 
1597621791460606 | 
1642310893435694 | 
920254103926644 | 
3077204835800987 | 
958716273252212 | 
910124108588568 | 
2945339442336310 | 
585924953974296 | 
1603485864295263 | 
1367002098777304 | 
3862948027171620 | 
1369021715028107 | 
1282739563776181 | 
3129217774132868 | 
917560101048160 | 
2227056514699057 | 
1233305642329766 | 
862919580127770 | 
1469861824651023 | 
1439103104420493 | 
1243112488017214 | 
3109661362559814 | 
1956649601891357 | 
2083717615531545 | 
1857697034932304 | 
1254002986814585 | 
1483625580032884 | 
1200447525503845 | 
951918430506485 | 
1652599575926467 | 
983169457625223 | 
1649981052696065 | 
3251711938324002 | 
2131950897556703 | 
1479941723473297 | 
968894835461699 | 
1278509844170110 | 
915851134636260 | 
1611806006708808 | 
2651604138544560 | 
937857665562111 | 
2250267932049871 | 
741609248882709 | 
1409738297300526 | 
1582181006385004 | 
1234784282103833 | 
2124534915006679 | 
760132970302629 | 
2097995554376805 | 
1664315158273463 | 
1888362585173405 | 
26376050205352790 | 
1160711056021898 | 
2844502262596920 | 
1716166639375690 | 
1484411719933389 | 
26228381820124146 | 
2953797211485201 | 
1839542223422702 | 
1661998538491720 | 
917967824487073 | 
913554954811903 | 
26443113892042577 | 
684687194701102 | 
1356396979860050 | 
1239733758272056 | 
858922713836078 | 
1507861307433468 | 
2001986380756066 | 
1293597045976281 | 
1405423927561279 | 
2995181757339412 | 
818865727901197 | 
705837392576445 | 
2464943097292857 | 
3568894476586413 | 
1562585068143539 | 
1540395584139695 | 
1710941226545547 | 
1486648113492499 | 
1454488106187054 | 
1199745428807468 | 
1689498578685980 | 
917869471030669 | 
949273860996807 | 
1542483083517484 | 
899679949497613 | 
893171046965007 | 
26004656662552583 | 
1708827490479456 | 
2811990435801914 | 
2132708550902900 | 
936505368758052 | 
1611187016765162 | 
1987369085490150 | 
798412446641045 | 
1476164577546294 | 
817255310647207 | 
904522242399201 | 
1889964268307234 | 
1459019825857079 | 
1361554045734725 | 
878340685251391 | 
1259514002353775 | 
2138397690270515 | 
1226440566270521 | 
1450824486632577 | 
2878282892519083 | 
26447910391545853 | 
1559624031773364 | 
952076880508132 | 
25836815319333825 | 
1251182967118744 | 
1456957535974641 | 
912577058151396 | 
1265432215741788 | 
958529873395740 | 
825071213274414 | 
909994741673589 | 
1038232962701662 | 
26083827284634072 | 
4305981552982527 | 
1516080969857291 | 
823717190738034 | 
3898811453593923 | 
1272540511507254 | 
2266514014154685 | 
1733503190959699 | 
1001319245901216 | 
1535909011425394 | 
2002591967270581 | 
2007475706842811 | 
1322843446355165 | 
1631864497851099 | 
797607099562937 | 
1877800936214521 | 
1288635896519618 | 
1697638684731855 | 
1466327795173473 | 
1499316498432529 | 
