843873658675174 | 
920254103926644 | 
958716273252212 | 
585924953974296 | 
1860855867882060 | 
3129217774132868 | 
917560101048160 | 
862919580127770 | 
937077422244190 | 
1243112488017214 | 
2524295941277492 | 
1830562717457660 | 
1354040090090166 | 
1231068998627293 | 
1857697034932304 | 
937572875630672 | 
1483625580032884 | 
1200447525503845 | 
951918430506485 | 
1719300452810266 | 
1278509844170110 | 
915851134636260 | 
741609248882709 | 
1409738297300526 | 
2097995554376805 | 
1888362585173405 | 
2844502262596920 | 
1716166639375690 | 
1661998538491720 | 
1167924121904972 | 
684687194701102 | 
1507861307433468 | 
1405423927561279 | 
818865727901197 | 
705837392576445 | 
3568894476586413 | 
1562585068143539 | 
1540395584139695 | 
1454488106187054 | 
1199745428807468 | 
949273860996807 | 
893171046965007 | 
26004656662552583 | 
1611187016765162 | 
26366312509671371 | 
1987369085490150 | 
798412446641045 | 
1476164577546294 | 
817255310647207 | 
904522242399201 | 
1206047138029081 | 
1459019825857079 | 
1361554045734725 | 
878340685251391 | 
2138397690270515 | 
1226440566270521 | 
1016865787052067 | 
1113612244163823 | 
680321241693199 | 
952076880508132 | 
1428405095092121 | 
737391958882057 | 
1251182967118744 | 
1265432215741788 | 
1756862938294789 | 
1493153445855129 | 
785771290774523 | 
825071213274414 | 
909994741673589 | 
1651431352093820 | 
2460680334306842 | 
1251963072990072 | 
764466879524430 | 
4305981552982527 | 
1067760122175077 | 
823717190738034 | 
1472718921108188 | 
1388060206426015 | 
2064589811056709 | 
1240500171571050 | 
1272540511507254 | 
1733503190959699 | 
2304177439994772 | 
1535909011425394 | 
2002591967270581 | 
1322843446355165 | 
1631864497851099 | 
797607099562937 | 
1608448607186025 | 
1288635896519618 | 
1466327795173473 | 
1499316498432529 | 
