1165900109009305 | 
923349763416062 | 
2091398491623009 | 
1344119553643765 | 
3694264107384694 | 
749940781206983 | 
909698918195370 | 
1238551650976609 | 
3369632466536659 | 
785212581062286 | 
1571360640982186 | 
1237408074857364 | 
1019943006132005 | 
2259797164503123 | 
3892274767732864 | 
1724729491565772 | 
1420892305931134 | 
1994211211445261 | 
23867236926307064 | 
1251383320188779 | 
1439486050667925 | 
2194898854266925 | 
1234946302010071 | 
1541277846954983 | 
891546999936346 | 
2035106630658727 | 
1246540074053048 | 
899931399033605 | 
3102794513258140 | 
2298959243932285 | 
764344433117782 | 
1353827825961676 | 
1552566769197541 | 
1240550591605182 | 
1277014661045944 | 
