748283068218050 | 
2396633847430228 | 
35397123009887030 | 
1264159975195909 | 
1653626585813876 | 
1933135410807408 | 
4291843424393649 | 
1614101766428246 | 
2487631098322586 | 
1834310944122651 | 
945365805337854 | 
1844003486221101 | 
1557162245625287 | 
3167864723401888 | 
1448282259788117 | 
3061184147397468 | 
605960435731445 | 
816822104432722 | 
1524762788724589 | 
1448302562723718 | 
1354835416362070 | 
4335960906615269 | 
744108868077780 | 
1476098886877177 | 
25603989812558908 | 
828245189997859 | 
2455402791584503 | 
862878586422739 | 
1334541118239095 | 
695281503576866 | 
1826360164633260 | 
879946311487894 | 
1193722699313112 | 
3965990247024840 | 
1503583941073311 | 
1160400232383709 | 
1171570847641780 | 
1118564147038291 | 
1543999676666842 | 
2767958550262477 | 
1232246171767856 | 
771178139177162 | 
846977554694178 | 
1531858914691333 | 
2025382884533223 | 
2014525072726786 | 
2739821246222100 | 
1556295378948779 | 
788944200159821 | 
1496725621315708 | 
695748880161160 | 
1303533838471079 | 
815188617979761 | 
1717058658952106 | 
26109801075272474 | 
1163080989232148 | 
791936193183015 | 
981873055017509 | 
1360516408756903 | 
1522001285602278 | 
2146559332510012 | 
1338759164937128 | 
809674025308214 | 
1163593752348394 | 
809285351948309 | 
2977853099065895 | 
2156425628543056 | 
1446872389867986 | 
1737936510243895 | 
1352403493297492 | 
1315815660280416 | 
1438109831225796 | 
1978652339368645 | 
2293583474394138 | 
4099044207091935 | 
1940324303185975 | 
1820368932208091 | 
1365445975273396 | 
1300641654704903 | 
1566014291497580 | 
805495728508101 | 
670072232818061 | 
1294924992421004 | 
1634487751043813 | 
1940722046514543 | 
1213591366803598 | 
773123875124093 | 
835342549269581 | 
4293347257620052 | 
1216305630364867 | 
1053028023304958 | 
828672516548568 | 
1177900241125877 | 
4254849734803620 | 
1348084586669906 | 
4138320319754632 | 
1635285547841381 | 
898373569327784 | 
1560542234951929 | 
1455714689283042 | 
1430409255365732 | 
704731152496115 | 
749200544455841 | 
1963627737750193 | 
4188404388066144 | 
1350339523489157 | 
25854393687546759 | 
1327485382336767 | 
25974059425608904 | 
2214291162382001 | 
889199760951588 | 
1172208681733552 | 
1405097643901426 | 
4306722186239011 | 
1831843354424168 | 
1401976021470099 | 
1503578027539172 | 
1420546539787924 | 
1483318980199090 | 
821657357585439 | 
1134756498691761 | 
4960253800867056 | 
765857132720206 | 
1913622409258241 | 
1411524737076017 | 
24627610606922330 | 
1593746675370610 | 
1181741457256463 | 
25251414677891014 | 
1684007309674471 | 
4166686093588282 | 
24946990671654124 | 
873766585203246 | 
1665764974588610 | 
728380486794223 | 
769214756178656 | 
1387361573392564 | 
754845393691705 | 
1448236569969199 | 
889511323695028 | 
2034918963973795 | 
1469582468218763 | 
1558613735382421 | 
869604346084918 | 
1454875452930397 | 
1786538905370408 | 
2250292102101466 | 
1455555329422619 | 
1608568846973472 | 
719743817497539 | 
1293205479264728 | 
1259655235910427 | 
1825450051716508 | 
1069712508618397 | 
1396607838901622 | 
848731617891271 | 
1436738967957987 | 
840447392300592 | 
1345414007268240 | 
1574991993926405 | 
660396310470918 | 
869133022512662 | 
1089313496654592 | 
1488362242457556 | 
898478652891865 | 
2356698371510534 | 
765727593055098 | 
2343192696166637 | 
1608716780090506 | 
1692891028352826 | 
1449183406539141 | 
4131182950488699 | 
1576838967069072 | 
782895440913303 | 
1257123189660215 | 
1807109243585962 | 
1357440062651875 | 
669150782657333 | 
853703303808660 | 
1323363812220403 | 
1750425425633823 | 
1501850531137179 | 
1142837004472533 | 
2582858828728321 | 
3290701134413041 | 
2597687427296496 | 
1441294837600334 | 
753616980489672 | 
1208334057761803 | 
1179770547582482 | 
2110253173151361 | 
1564752434741198 | 
735826012509914 | 
892592383647373 | 
1509427117670887 | 
1757742455611085 | 
1138387031570079 | 
1466831507687517 | 
1200533932241343 | 
1410321871096118 | 
712433215182375 | 
4213203152276220 | 
3390520167777016 | 
1237489351682279 | 
1539705213945196 | 
1899141507600438 | 
892302313167061 | 
1309583087180241 | 
893330763437544 | 
812072918194800 | 
892087326843953 | 
1172590870967398 | 
4471473573084958 | 
769136576094071 | 
1375216267642949 | 
1642821346677165 | 
1232715251318057 | 
885181080991689 | 
918851497310554 | 
1822909508407345 | 
1563125205068978 | 
1208646341094966 | 
1291779868983469 | 
679361698387128 | 
843805111919108 | 
1360089982482969 | 
1883786555573649 | 
1293967385865567 | 
3348405711990479 | 
1863510524291991 | 
1257502102968855 | 
1821276218521214 | 
1652953489449051 | 
2062042917957929 | 
795387913258738 | 
1280454696617635 | 
1154509703545008 | 
714377207924045 | 
1405874987919602 | 
1346849360343007 | 
2069519073799943 | 
1371108067536772 | 
1510367746716259 | 
869749212620555 | 
827517440143367 | 
1372017750979748 | 
1779788819362289 | 
2086596642102854 | 
1965835807337777 | 
1352828969639459 | 
1536631390869504 | 
1671602534000468 | 
1392501662419984 | 
808592762095931 | 
659408157131570 | 
1473040467789329 | 
1473723410441795 | 
4085127851801504 | 
1347444123795840 | 
1481917279605678 | 
1820130248689210 | 
861023106350314 | 
1985529545599574 | 
1281510410468048 | 
2109315893199423 | 
1856229851634989 | 
2390674504715896 | 
729574442847768 | 
822406867379255 | 
3957350344573701 | 
825742377154830 | 
1241248274870978 | 
1856031248361952 | 
2287073758480178 | 
830415136395883 | 
1005826098287289 | 
824259747254421 | 
886138183870770 | 
25902381999399612 | 
25577773565255602 | 
929666182747724 | 
24919001691095110 | 
689991917471816 | 
1514012949931068 | 
802972785778266 | 
1558238132279335 | 
883795547588767 | 
3086396118210429 | 
2191173444701199 | 
2310142526132822 | 
798241546350976 | 
25991153623850137 | 
1289722593212073 | 
670618769141481 | 
1166426929005571 | 
1289226972954547 | 
1216421457092750 | 
1384914113332082 | 
1199079965493884 | 
1260850388849626 | 
2300042310418406 | 
861561602895565 | 
1591210855492725 | 
804751435223999 | 
25234934186163895 | 
25048174308152732 | 
1119827400238308 | 
1282989790320810 | 
1703663777680075 | 
1153859686809888 | 
1544410183516035 | 
1831312717584386 | 
772727405780397 | 
855705863499266 | 
25530671229967206 | 
892361407303255 | 
26137430369201949 | 
1454358089228863 | 
779368448432429 | 
1897147731685444 | 
1515812519512191 | 
3453665798339587 | 
1336927371251844 | 
1510573830495073 | 
1268611377981378 | 
741276312306346 | 
2290201288105572 | 
25759079677034783 | 
1235483171923116 | 
3143131712562567 | 
724808106543769 | 
877598695022207 | 
1229945309235101 | 
1410404120460740 | 
26128172256817434 | 
4382228888769999 | 
1911050012870720 | 
1463763011909181 | 
1139333664501894 | 
1347832070379776 | 
666110719926271 | 
1925177771385480 | 
4265575473732241 | 
3395741973928139 | 
1853313852000840 | 
731243116487039 | 
2267879253695891 | 
4330127687218187 | 
1617355706050458 | 
1831864044181206 | 
926930416660532 | 
885490754265919 | 
822296223541231 | 
1228135476040145 | 
1130332849281212 | 
828386123573886 | 
1584689322871384 | 
1785073875496726 | 
24882899128065076 | 
1224300809592930 | 
2736010096735614 | 
1474541861045394 | 
887179307497964 | 
1090259156643408 | 
1264749275803772 | 
1839459363579173 | 
25336026232742513 | 
1477807770189066 | 
1347810007112549 | 
3152566998384044 | 
1566885411360204 | 
2031892517361122 | 
1326740766153060 | 
1538129794008433 | 
867847499576433 | 
1724170621886208 | 
4320773698156186 | 
1190622639906930 | 
1218898266492880 | 
3404416043040865 | 
848216230879769 | 
1200422472215299 | 
2014993642632755 | 
1197221278887029 | 
1391988979322807 | 
2408836586217967 | 
683626351409207 | 
812672971501213 | 
1119570496592552 | 
1442018990842162 | 
1907092173215947 | 
