748283068218050 | 
1264159975195909 | 
1653626585813876 | 
1933135410807408 | 
1614101766428246 | 
2487631098322586 | 
1557162245625287 | 
3167864723401888 | 
3061184147397468 | 
605960435731445 | 
744108868077780 | 
1334541118239095 | 
1193722699313112 | 
1232246171767856 | 
846977554694178 | 
2025382884533223 | 
2014525072726786 | 
2739821246222100 | 
788944200159821 | 
1496725621315708 | 
2146559332510012 | 
1352403493297492 | 
1315815660280416 | 
2293583474394138 | 
670072232818061 | 
1634487751043813 | 
1213591366803598 | 
835342549269581 | 
4293347257620052 | 
1635285547841381 | 
1430409255365732 | 
749200544455841 | 
1327485382336767 | 
889199760951588 | 
1405097643901426 | 
4306722186239011 | 
1831843354424168 | 
1503578027539172 | 
1420546539787924 | 
1483318980199090 | 
1134756498691761 | 
1411524737076017 | 
1181741457256463 | 
873766585203246 | 
769214756178656 | 
1387361573392564 | 
1448236569969199 | 
2034918963973795 | 
1786538905370408 | 
719743817497539 | 
1293205479264728 | 
1259655235910427 | 
1825450051716508 | 
1069712508618397 | 
848731617891271 | 
1345414007268240 | 
1574991993926405 | 
1089313496654592 | 
1608716780090506 | 
1449183406539141 | 
782895440913303 | 
1357440062651875 | 
1750425425633823 | 
2582858828728321 | 
2597687427296496 | 
1179770547582482 | 
1757742455611085 | 
1410321871096118 | 
712433215182375 | 
3390520167777016 | 
1539705213945196 | 
1899141507600438 | 
1309583087180241 | 
893330763437544 | 
1642821346677165 | 
1232715251318057 | 
1563125205068978 | 
1291779868983469 | 
1883786555573649 | 
1293967385865567 | 
3348405711990479 | 
1280454696617635 | 
1346849360343007 | 
1473723410441795 | 
4085127851801504 | 
1481917279605678 | 
2390674504715896 | 
729574442847768 | 
3957350344573701 | 
2287073758480178 | 
830415136395883 | 
24919001691095110 | 
689991917471816 | 
2191173444701199 | 
670618769141481 | 
1166426929005571 | 
1199079965493884 | 
1260850388849626 | 
804751435223999 | 
1831312717584386 | 
772727405780397 | 
855705863499266 | 
25530671229967206 | 
3453665798339587 | 
25759079677034783 | 
1235483171923116 | 
1139333664501894 | 
1925177771385480 | 
24882899128065076 | 
1474541861045394 | 
1090259156643408 | 
1839459363579173 | 
1566885411360204 | 
4320773698156186 | 
2014993642632755 | 
1197221278887029 | 
1391988979322807 | 
812672971501213 | 
