902978095774586 | 
769316816222143 | 
1593785008574252 | 
1394312691964933 | 
1987393448845303 | 
900451792606988 | 
868977949485904 | 
1618409842621645 | 
1258625335682554 | 
3154135854761227 | 
1494917892052711 | 
1155614813207925 | 
2472618519807623 | 
1622405632010571 | 
1060533373803145 | 
1572599500699801 | 
908377155422079 | 
952425954016491 | 
1290466516270874 | 
928279790170466 | 
802163485649185 | 
1814190199539312 | 
959142610128278 | 
1415328509908694 | 
896445019895957 | 
26083952324566868 | 
1244921780490038 | 
908049685377628 | 
2343350222815794 | 
1453786189664675 | 
1440480454249312 | 
1553846059013280 | 
783280344428811 | 
2183631772379870 | 
943595681522549 | 
3891334837827474 | 
1238947861172276 | 
3500318143439484 | 
1441332527489992 | 
932217426016780 | 
1226998252936456 | 
4444269372559080 | 
2433323090459644 | 
1269563358466999 | 
3255174137993049 | 
2148756412545464 | 
3591002784395505 | 
3376642452501955 | 
1446912897071874 | 
3303578143150270 | 
912447694965921 | 
1466941108251217 | 
1329028869085115 | 
