902978095774586 | 
1593785008574252 | 
1394312691964933 | 
1987393448845303 | 
900451792606988 | 
1360963194955286 | 
3154135854761227 | 
1494917892052711 | 
1155614813207925 | 
2472618519807623 | 
1891234661831754 | 
802163485649185 | 
542998478506639 | 
678377758119883 | 
1557246288713991 | 
650788224431166 | 
1455594752468458 | 
997622279233402 | 
2739809499740991 | 
1813199952856592 | 
541536912348206 | 
703935365641448 | 
545171078239280 | 
1179802036792221 | 
982866324060620 | 
640497945481733 | 
1199221868281910 | 
2343350222815794 | 
1178448010742943 | 
924369073622449 | 
1722198055369612 | 
1165507422146758 | 
602286492843239 | 
1440480454249312 | 
985360497053651 | 
2066184633877312 | 
1553846059013280 | 
1731902287395367 | 
648213804845523 | 
1723497804940095 | 
1227310945776180 | 
1365713401403516 | 
915304511470647 | 
2313199422399810 | 
783280344428811 | 
1024580652414292 | 
687864113924745 | 
1846906175876958 | 
2183631772379870 | 
693418860320725 | 
9125734677532833 | 
1363012311687130 | 
1198605911267251 | 
1327068301926435 | 
3500318143439484 | 
874989791439429 | 
1162807875525711 | 
9502990336480419 | 
4068742420081774 | 
1445324116843124 | 
650961157732031 | 
3967315480148814 | 
2535516313309518 | 
1908190826618049 | 
2634128353450488 | 
1394168061766351 | 
893773586985232 | 
976052678025888 | 
641441082140137 | 
932217426016780 | 
2086133115541715 | 
1074076757864196 | 
2961142017397077 | 
1284066803762703 | 
1209442687432391 | 
1183872016189488 | 
1392771545062659 | 
1019708140108668 | 
976490638031513 | 
4444269372559080 | 
2433323090459644 | 
579126474547904 | 
776118511860796 | 
2251871485252075 | 
1684815185455929 | 
1090550379688733 | 
1063860422245853 | 
1337077144229710 | 
1004061588525773 | 
601608982911979 | 
1960900264502743 | 
1344562373481506 | 
1220951639632926 | 
1922211201654440 | 
581495794288299 | 
30084283091171181 | 
1700746853864699 | 
1254607020094195 | 
877170311216997 | 
684263390644926 | 
1269563358466999 | 
1614732735898841 | 
2152671368511845 | 
3884731118442772 | 
3364952590313338 | 
1034023808606121 | 
1257824929648282 | 
1482648846029786 | 
1043626534248555 | 
1360650645174382 | 
4471916343027122 | 
1625387782039547 | 
651366181122329 | 
4319215435069387 | 
680727734315278 | 
1147604483834554 | 
2084167095422151 | 
672856565582160 | 
1212638697320485 | 
1258678579019134 | 
1315983720263976 | 
877481678624201 | 
650998027709621 | 
1380331249912793 | 
1338591220755761 | 
1719559568918679 | 
1383809556091961 | 
1402650457401346 | 
649321971227933 | 
985034203813651 | 
1533845252082021 | 
1274473917608109 | 
1089303293006158 | 
9965280720171637 | 
3032469200252790 | 
1394456255066771 | 
687569617153286 | 
1651701402659559 | 
1383546575929554 | 
480592708377352 | 
3024548844386504 | 
1023022579189445 | 
3657389434561231 | 
1406404507469896 | 
660628953639297 | 
817382934040573 | 
1205462964309621 | 
1836014947108333 | 
693048743119387 | 
1174253124494031 | 
3519283718208235 | 
25754867744184612 | 
1250270380044040 | 
892899983644376 | 
779991308065819 | 
934204839204605 | 
930200239967883 | 
652959604310384 | 
660579073408986 | 
670112479214862 | 
613876998353004 | 
676021414834512 | 
659926123519374 | 
1236010908603079 | 
1191082239056660 | 
2156833001796016 | 
1168906868204316 | 
681760327672122 | 
2072712996637489 | 
677570165218725 | 
881721671356606 | 
1255531409333889 | 
1608716507042418 | 
2034408580756495 | 
1401138041324836 | 
1832679014180436 | 
1702776727279194 | 
4326593987659904 | 
1446912897071874 | 
1224471466010692 | 
1169525784969156 | 
671452972153200 | 
981600214297992 | 
4310614869197173 | 
910908851719268 | 
1196200428712184 | 
650643461265191 | 
879463075048305 | 
1824426231714660 | 
569490972278846 | 
565981963184866 | 
2725166837868402 | 
925755083373187 | 
29238505149129751 | 
550147654800163 | 
1221708769410036 | 
4252252915028402 | 
1482709753382017 | 
9678367488955579 | 
924839970095321 | 
1875957432921904 | 
2008751249736732 | 
629305739932916 | 
799736415926331 | 
3091344361027919 | 
1959280784667430 | 
2408561719517963 | 
893776526794736 | 
26178208928506942 | 
1909195449890465 | 
2498918563899291 | 
2341374503024533 | 
2695228683995555 | 
1700719987230854 | 
1682110519444799 | 
1205941444502455 | 
653612717588794 | 
1591219168242659 | 
1266637505646010 | 
3390237317800931 | 
1262874152661035 | 
1260500252714893 | 
524567353850580 | 
1290720686231919 | 
1273094834703362 | 
1356311555606472 | 
3597580183709442 | 
665014682836609 | 
1223462139902564 | 
1475545933415741 | 
1188945089336916 | 
1014493606968068 | 
1246298957614290 | 
1293314319313278 | 
1601833994387310 | 
1720788582183782 | 
1691395605625087 | 
1471299674248092 | 
1116843860568421 | 
1278326010861076 | 
1266423178910688 | 
1221462670152805 | 
3380767945406794 | 
1317829605955738 | 
901830132631999 | 
1072093191789276 | 
916091847817129 | 
4377351195870781 | 
1311205746640829 | 
893002730235385 | 
2477259572690061 | 
933243845787387 | 
1478927997085131 | 
1026601095638274 | 
3552983265007835 | 
1889082548402047 | 
1264289328965180 | 
2511633869183089 | 
849205598179268 | 
933165436180632 | 
1118021363773811 | 
1392374528607741 | 
2447262775730641 | 
1680694783128093 | 
1641702370584247 | 
2012701079313630 | 
1441024557724533 | 
912447694965921 | 
2478199249288589 | 
1596453054997293 | 
1978754432763429 | 
861203260292579 | 
1229355436026748 | 
2160334254763413 | 
2047122839164731 | 
3004864336378968 | 
874650905612926 | 
1455007532635115 | 
669615755701641 | 
698274639212869 | 
3786155548181908 | 
4180884448889149 | 
1274148084827280 | 
756270723950681 | 
870805309312015 | 
1124475656431188 | 
1411778810698866 | 
1070550025291958 | 
1230170535496872 | 
4736934049867239 | 
4182346582076682 | 
2027886854442352 | 
25386669407673973 | 
1300049868632181 | 
2067971340597261 | 
905551552438450 | 
1413415406763782 | 
2943653312490228 | 
927543630453611 | 
2711350725894695 | 
1658420215150844 | 
1211039974531356 | 
910099118510956 | 
1458729639183061 | 
1200871808525308 | 
960165903342084 | 
2003837213890380 | 
2007337866479482 | 
1239785574411566 | 
814457410952863 | 
4254566488137542 | 
1477850847285850 | 
1693679795341787 | 
1979108622949167 | 
613980958325483 | 
1328255432371042 | 
3715888681886211 | 
26037123702582007 | 
698204636653356 | 
1418620512625563 | 
928934802876803 | 
1250135063930065 | 
1447870360346782 | 
2483646695309898 | 
1605891347399505 | 
1638516127304785 | 
1690145358376650 | 
4220961268157674 | 
811773287889316 | 
1216573327354665 | 
1262966602699403 | 
467475733054129 | 
939888658595446 | 
1235196172139485 | 
926366756642165 | 
1913680149239290 | 
1418115806191533 | 
1255969266694904 | 
1490561869407761 | 
1632510351209004 | 
3289710277855463 | 
2697423300643544 | 
1688346728799443 | 
1283419537011200 | 
1650934476043176 | 
1933013140912621 | 
25986410247694189 | 
780562291343502 | 
1803600717155642 | 
1236199625265173 | 
1615822612791796 | 
818937030466557 | 
2285783301915306 | 
1668731510952222 | 
1448567396665272 | 
2947569588938809 | 
762195946714600 | 
1470927544482204 | 
1258086815694642 | 
907884168799442 | 
1187310106631550 | 
2004986377120377 | 
2268636676960339 | 
1008293571378381 | 
1277423707641129 | 
1439973781109624 | 
1467428271563141 | 
2099092444210219 | 
2122057398640112 | 
2186520031786440 | 
699447745933099 | 
763571203493796 | 
949199167967516 | 
1456757716239479 | 
1858896601588617 | 
858895247209997 | 
991832523062175 | 
1283813443670821 | 
1200020802041364 | 
1249311333400616 | 
26095104180142986 | 
941430001680270 | 
1971126750143024 | 
26522070327482458 | 
1237027771979892 | 
944223648091916 | 
1803866240391598 | 
2499951200337031 | 
2604318719963309 | 
25854431190919928 | 
798079700001731 | 
1210689404166156 | 
1523380706025666 | 
3441899142625569 | 
3977500472487817 | 
1462199038276451 | 
1490677322480329 | 
2018282748902180 | 
1234805368358257 | 
1700071754312981 | 
810789528767559 | 
1493617305748329 | 
1199729491809316 | 
1694822761959374 | 
567676459236331 | 
1211384824362090 | 
1253961486941245 | 
1837949410380756 | 
873754922292127 | 
899308502735652 | 
1420319676556060 | 
1982522819321681 | 
909220585309467 | 
918053874289162 | 
1664160088076456 | 
745882201939180 | 
1252874940304244 | 
1387989649192790 | 
1413284116693813 | 
4323955277861971 | 
1269302228469185 | 
925933439824681 | 
1316688183730844 | 
1467886554957522 | 
923391250103559 | 
1613688429850301 | 
1646389466707568 | 
1948411182728013 | 
2350498742028996 | 
25348994398058336 | 
771717242344951 | 
798769162695578 | 
26022850590703113 | 
974439388369793 | 
2229299177604741 | 
914414707987426 | 
1201695094697117 | 
1578282203465229 | 
2819870108350825 | 
736116918987152 | 
1012542798611436 | 
1243151367967194 | 
2006535666595833 | 
883715207996776 | 
1988686058380903 | 
995664822669214 | 
920374260399099 | 
1188589106683832 | 
1966106364116127 | 
3090883561109871 | 
821262386981082 | 
909809751926618 | 
1357478811970984 | 
1409422173739454 | 
2039572779929284 | 
2122807408257531 | 
923419060179306 | 
937886822055408 | 
970391765552408 | 
990373016663322 | 
1253661893535652 | 
1350675896866665 | 
1433527118561626 | 
2092713711297538 | 
1615051896405993 | 
713717217669912 | 
774439545385717 | 
1152579670199644 | 
1513117840707658 | 
1594626581587870 | 
785771407922667 | 
912928548110837 | 
1236206528675959 | 
1485323310003339 | 
3885614675076989 | 
924314207247868 | 
1086907353273402 | 
1355585366617070 | 
1544918263235619 | 
1990272918237851 | 
2427298061062189 | 
34359307293713763 | 
677068095279774 | 
772734465533080 | 
950832454031890 | 
1853851278612472 | 
1978960096376514 | 
26621555600784618 | 
34109639432014337 | 
3002269149969731 | 
1303482258290783 | 
823539247437669 | 
886575534375319 | 
1302406948377073 | 
1484172736372108 | 
2398807550572052 | 
710755291478468 | 
1403924287704203 | 
2001548334132397 | 
957724457202554 | 
1254531260221174 | 
1340780393897044 | 
1260268525512628 | 
1459915692514801 | 
1623058805691607 | 
2001540540785300 | 
1380082633837537 | 
1630804244719082 | 
1253895233385154 | 
1491241935963574 | 
523203884183256 | 
1367569495173606 | 
1925884878035645 | 
936921825550389 | 
1657575795423478 | 
1678596429983364 | 
4268413640154708 | 
1243417523950601 | 
1258421862928409 | 
1570852340662618 | 
