1121162122937079 | 
1318342433048802 | 
1262086328892030 | 
883657510809429 | 
2119606495171494 | 
930180029346045 | 
6732287956864573 | 
1425421912569197 | 
1197155899052722 | 
1819444218776930 | 
1816114715669902 | 
669724915614673 | 
1436904261140386 | 
1125880536346754 | 
1052712540241782 | 
1119637356390116 | 
1865039510777142 | 
716106544816862 | 
1334373584666179 | 
792394906716230 | 
2281458112341688 | 
1065172138976678 | 
912846554407519 | 
1796586817712336 | 
1189880182874141 | 
1564625267833092 | 
875764625370180 | 
1153417686716955 | 
1066361764857927 | 
2105684776914867 | 
1361187821200166 | 
2425696227772739 | 
3949179485345978 | 
1638214803501000 | 
1284303089704013 | 
2066236660874109 | 
803447099297865 | 
879044668263376 | 
1040549124619775 | 
1507492013810870 | 
1119979039813632 | 
4232502446996853 | 
1491623291989693 | 
2010284362870030 | 
1376051194258196 | 
4053002815027806 | 
702337979491340 | 
696461790152068 | 
1410952770281236 | 
1152454753384674 | 
1322748932876405 | 
1019429279999224 | 
1495268221800402 | 
1001073051936139 | 
2199413373906977 | 
842287168404775 | 
1216192263537970 | 
2042740533213685 | 
1125111656109666 | 
1781681172478960 | 
991171389578735 | 
1807770940023365 | 
1215198220626041 | 
1227601042202711 | 
793150190402960 | 
1197682564204241 | 
823262970388252 | 
1337067807340435 | 
1807615579902693 | 
1204520514893124 | 
1547326339969383 | 
724063163793971 | 
1696886070895012 | 
1103936995258302 | 
1136042921913067 | 
1438933617640161 | 
1276585263790128 | 
1401676521741178 | 
1689792188392597 | 
1162612725266088 | 
599602972468228 | 
665743972781761 | 
708340848303697 | 
1713849596186389 | 
1729207034511508 | 
1940134060712742 | 
1422695002624279 | 
1166241841579731 | 
584354317457488 | 
1344591751015763 | 
1258205969538040 | 
1567854301251537 | 
1415593586864552 | 
1204631328308601 | 
1388098132882284 | 
897199379414288 | 
4300125376937006 | 
1486854502776394 | 
872171728628926 | 
1960451137838497 | 
1377402970470451 | 
1205802574807266 | 
4459734420977209 | 
550936787378456 | 
1195326206085424 | 
1165616439063060 | 
25450485324641105 | 
25644958101780293 | 
3839413119717769 | 
967837841772004 | 
1320460849392453 | 
1479353143756877 | 
2585314635188820 | 
1377459063924910 | 
586726917522115 | 
1390061635384342 | 
1328141825641670 | 
1648668249429710 | 
1743228376296452 | 
803020759487432 | 
1528629834669105 | 
1573680771215414 | 
875598305438754 | 
1311095900360152 | 
2407461849628965 | 
812254071453141 | 
830256442467824 | 
765225672542624 | 
1189306632812508 | 
1711317666581135 | 
4121805544757637 | 
1872688660029280 | 
1008022377571587 | 
1292449062560838 | 
1805739856818122 | 
1534720260947904 | 
2785908284922427 | 
662551242850726 | 
742940331571077 | 
135015299621215 | 
824747623642591 | 
3903284203279693 | 
877650071331797 | 
744647538352031 | 
1586984455352788 | 
1402205731495825 | 
1499610577859859 | 
33103155659328143 | 
925710923197862 | 
620099700656174 | 
1388076012807284 | 
598470383149441 | 
841371314929997 | 
1679773259242188 | 
551880060166831 | 
1552990985565488 | 
793353373606079 | 
1228488419190248 | 
2050691235667081 | 
1400588937636872 | 
1345220810535223 | 
1551273562648249 | 
2019741712211851 | 
1659664972079104 | 
1153594520103894 | 
1353701726513778 | 
2565330933818080 | 
1270258748272270 | 
897617192693606 | 
1347138813732864 | 
905247221683898 | 
2055543555296473 | 
635015082797304 | 
1003368201940830 | 
1186590809757483 | 
1603606030782718 | 
1386231132938865 | 
1655209938774957 | 
1879167373476824 | 
34052191411047085 | 
843851845124223 | 
1273499457213559 | 
1170992251679945 | 
610932151641849 | 
1412741310051893 | 
1350924272875081 | 
1611069006728392 | 
4089119747971275 | 
2006926403466795 | 
709192935493292 | 
1464203318625117 | 
1583966506078251 | 
1433568905087370 | 
676390121957982 | 
999984792311672 | 
855882180215826 | 
1108992394625523 | 
1478219000160185 | 
1479182443109287 | 
815916541459018 | 
24751068894519811 | 
4354032741494247 | 
3205692726277923 | 
1233735628271813 | 
1241501687700532 | 
760971067028575 | 
1110418247913724 | 
753846224467042 | 
727461096799617 | 
1051315490194479 | 
1553378729267732 | 
1668645017344505 | 
1354417449803858 | 
1385934709848353 | 
1203461808549929 | 
2425432401270722 | 
26431535819816273 | 
1270254934563339 | 
635700562299381 | 
1493244728617511 | 
1412379156648877 | 
630149816797646 | 
1812129583064371 | 
1525330071878714 | 
2179218205904247 | 
2256006661525392 | 
837528712245691 | 
916629817397683 | 
295602892876327 | 
634549113053707 | 
1411566750764165 | 
1344474040132204 | 
2201119550318448 | 
695911746485779 | 
1360999745712047 | 
2524567327905129 | 
1180870127507387 | 
1295890435889584 | 
668917755779156 | 
24909990638631858 | 
1005777371510754 | 
31634372869487386 | 
824030663963493 | 
26407574455509346 | 
1654762558858734 | 
1202621087532231 | 
730091199341976 | 
2197073140805865 | 
662489580114273 | 
822071390665102 | 
1473302347469040 | 
1355051076086778 | 
1410376307334854 | 
1073326818051432 | 
906574575186936 | 
2438226846574439 | 
877878754710798 | 
3717700765192072 | 
811544708452891 | 
1260826082193018 | 
1442780233388654 | 
2199009580512529 | 
800453342965350 | 
2694775294197533 | 
1399483247994603 | 
1924073118190780 | 
2048089772422031 | 
803334086128632 | 
821475373963972 | 
2589989081387246 | 
3855181528108461 | 
533729216436526 | 
2778918625642332 | 
731246712700205 | 
1158402252649755 | 
1547367889640498 | 
1039675691564379 | 
609319772157943 | 
741704052344014 | 
1183890046418922 | 
1310091770237362 | 
2486844551664398 | 
1217637963661679 | 
2725592251120663 | 
668836169601698 | 
2296242794119944 | 
1041984057871549 | 
482795617466772 | 
698165456442263 | 
1935628593936050 | 
833127872860282 | 
1365609864702175 | 
835267712451211 | 
1022966779916724 | 
1383426066234584 | 
1136064551989463 | 
2474070026358821 | 
1379580103623706 | 
1400359355049360 | 
4290052934607204 | 
1422152835445487 | 
1552933369466885 | 
3135754049916943 | 
2041392869701443 | 
34178280118485103 | 
1408061584164803 | 
1336246937891500 | 
2172654180171832 | 
661030063697855 | 
9454721611276934 | 
1767674637540305 | 
4287840431459941 | 
1084783887178113 | 
1246950757432751 | 
814854390972902 | 
837549002597802 | 
774487131896730 | 
1079057249987043 | 
1760006927931113 | 
1407231917080732 | 
1145800734054965 | 
746666408466870 | 
1645949910143448 | 
2663115454049372 | 
593978973445251 | 
484995818038972 | 
1277350777731338 | 
477585622070977 | 
1293889032083559 | 
888341393975528 | 
1732998717331006 | 
24451035057923351 | 
1006530274945708 | 
2089530125224052 | 
596196136764574 | 
2194045001428337 | 
1425932358841306 | 
1451782273237952 | 
1538245510539839 | 
3085018824999552 | 
3499920210145219 | 
1686441078992211 | 
1525222285494912 | 
1527404721654608 | 
2088976675263146 | 
4257449574498374 | 
977500964402885 | 
726626310498337 | 
1828490814316730 | 
1165021432376491 | 
1241750204067750 | 
2926980300842038 | 
1930410977683427 | 
1760272494587892 | 
1392392155805269 | 
846969904767884 | 
1160735082768676 | 
749043554325956 | 
3636672529807087 | 
2366083507106197 | 
1078058734300921 | 
1335535007459513 | 
1159006195726309 | 
1975693303173763 | 
1394724618443282 | 
1005234121456287 | 
1137409288199423 | 
1574352680371074 | 
1158016272763296 | 
775763288943044 | 
3021082454747698 | 
1802579320459585 | 
1525734675378135 | 
1344225030229511 | 
828717293369391 | 
2114344592726402 | 
2371876603274558 | 
509357342143881 | 
25671493495827152 | 
656528563474180 | 
2042558396559957 | 
2112600729528450 | 
651703300867720 | 
787156324155260 | 
1651418416037472 | 
590220193901933 | 
1712568222759395 | 
851519207436296 | 
1138827071079387 | 
1422701349248371 | 
2885043271697587 | 
970425065007153 | 
920256160701695 | 
4252423208366850 | 
1445188620301691 | 
2132970587238177 | 
2211384459353980 | 
1357527558627449 | 
1183078043937818 | 
1159325199615586 | 
2256172151481306 | 
1526552105112454 | 
2857438141109395 | 
1036933218625068 | 
1566021031084557 | 
610340668609155 | 
411598478107545 | 
1412028373637047 | 
772959862534900 | 
1431089077910672 | 
2119140068506118 | 
607808785336458 | 
4018624158318239 | 
1823359508393651 | 
1398678758374264 | 
1223992089198729 | 
839751462127345 | 
2677296292603949 | 
1440581400463090 | 
1918711335521023 | 
881016411313773 | 
736648142704408 | 
2567071353670583 | 
973849694204351 | 
1522667488970605 | 
1224511192971958 | 
978008303663374 | 
1329643615844601 | 
199443546109852 | 
24348552981482852 | 
852951317167442 | 
1261611955529150 | 
1301473338053678 | 
1233265324712082 | 
1382806652967630 | 
1225201609182488 | 
1240025371221854 | 
1542546196851805 | 
797032886781885 | 
1488634152258394 | 
707449578598649 | 
1102510825121582 | 
1511770496707372 | 
1923747468241583 | 
1832136077664786 | 
1884649935820140 | 
1592272001958145 | 
1158771979441193 | 
1411847139938573 | 
29873325238921416 | 
1640801140249109 | 
1438805630624337 | 
943835797984693 | 
865928666380572 | 
1072359478109033 | 
722188017340218 | 
1368146190912452 | 
1433973921016929 | 
1318275865924624 | 
1040191404847226 | 
812980731208215 | 
1772537446801887 | 
1414980613536742 | 
3622913287845769 | 
1446659810102936 | 
948837034281221 | 
1062240079347097 | 
814469524922344 | 
801816823004250 | 
1487913206308294 | 
2441797766219686 | 
724428456860389 | 
756395116856482 | 
721051217349738 | 
1273316104479510 | 
1772129246785503 | 
1293082088346368 | 
25144906585165471 | 
4024350764443894 | 
672169649258332 | 
1114964930389379 | 
1203364791548115 | 
1530391564716645 | 
1737833100251266 | 
1266178895302432 | 
921408983629845 | 
892376583367349 | 
4055793557992924 | 
1380195023197754 | 
1307017320966246 | 
1323844722638090 | 
1197310028461693 | 
659160766673984 | 
629404990200102 | 
1661499548573235 | 
655337077591850 | 
2391587217931229 | 
1358531842726527 | 
1305171388009275 | 
2192757104571618 | 
1116128893799053 | 
1933729804042450 | 
2741606859563648 | 
1170626441358035 | 
1075327657909723 | 
1406879130455233 | 
1906298666956612 | 
812722448231061 | 
2027737988003864 | 
1514912589814465 | 
740096688644360 | 
1933519253839100 | 
1402458891584566 | 
741265825617984 | 
1352714106639417 | 
906447615576116 | 
1343256493675293 | 
1958992728002953 | 
1457127329534479 | 
487395350889635 | 
1811516029456056 | 
891900980136963 | 
1873122263605754 | 
765765223275383 | 
1250138066937260 | 
1323879822577022 | 
1447596533204276 | 
1362085858913068 | 
1177451720111287 | 
1027382512529566 | 
781504854514388 | 
710062432016643 | 
887087000929132 | 
1121169703179302 | 
1233105605464004 | 
1389576018981551 | 
1495086131683117 | 
1176651644647486 | 
721493607059866 | 
1534871670869853 | 
1122050283405526 | 
1814579382720240 | 
1571222514141444 | 
1950960315452342 | 
845170638492376 | 
1097711468940376 | 
1428034708472092 | 
734059842957224 | 
708986284875503 | 
1390023278954364 | 
25129452803385792 | 
858532710414515 | 
1189167912843934 | 
926860613135666 | 
1160312056317025 | 
1819408898781579 | 
24854220144255451 | 
731297789750334 | 
4072521866293024 | 
1179822920803639 | 
2260162597736201 | 
1382126179887186 | 
738093495835792 | 
1208812631188920 | 
1401463401536196 | 
1666725967820240 | 
733916953108295 | 
2105868593582161 | 
892668970052140 | 
4270887433195581 | 
1486075682808550 | 
947686731541396 | 
3657981084506218 | 
1407640210197572 | 
1269014448296676 | 
25927482490247688 | 
1581961539683093 | 
1153129370100420 | 
841898205031362 | 
1165183762358384 | 
1064022228892237 | 
1817067232578791 | 
933752945811160 | 
1215703710449222 | 
1386685503259515 | 
643219768199146 | 
1240581438129944 | 
1334438004814390 | 
655839253622481 | 
25138124495869800 | 
1064805381698255 | 
2409873406128382 | 
2046746426081477 | 
832559765951407 | 
1161569742690417 | 
1316324076124980 | 
631786989397744 | 
4045698469009577 | 
2679084812444026 | 
1268816675296272 | 
869635628854899 | 
2167752510415775 | 
1822662425106807 | 
1103900401689886 | 
1448443479807128 | 
706307705667372 | 
1557707785490203 | 
1731498977825346 | 
1062638938351182 | 
929328582313932 | 
839349805307053 | 
3830420017102633 | 
1186140976717712 | 
744788431244703 | 
1475756933573491 | 
1570296361058557 | 
1447482456306048 | 
1986390488435102 | 
1294216766106451 | 
1945970909522045 | 
861047746531298 | 
4484422701841151 | 
1695471971173012 | 
1327513535498352 | 
1785490552036025 | 
1356118112248984 | 
1571140177334504 | 
895848659430871 | 
1414197926589649 | 
724291603642484 | 
2096483991109611 | 
1457174632276333 | 
2342353142888125 | 
1960528711476148 | 
1150089913849577 | 
929213109883878 | 
1325100945793218 | 
4051687411711227 | 
1144702731059840 | 
786215523799279 | 
1272765110958507 | 
1668311844135746 | 
1207390791111274 | 
876836498687834 | 
1550353479260107 | 
1564103045721578 | 
1821589785323297 | 
1618137802890605 | 
1289966499721834 | 
716345547699701 | 
1093938162611779 | 
3392899880892452 | 
1570671651008832 | 
894801409925857 | 
752812151072812 | 
25163000576625544 | 
641491965208409 | 
806360931863607 | 
1153024662983292 | 
2241495552990795 | 
2001841391214114 | 
1594539518522299 | 
2113932996063737 | 
2123139445097269 | 
889827796974131 | 
1424127918896135 | 
744627694773055 | 
1016094620435471 | 
1390424861944450 | 
761363700159916 | 
1900382573947164 | 
1227281918870673 | 
1310664570618358 | 
1232345865459126 | 
2154411518641417 | 
1199894985443799 | 
1110416401279510 | 
883737184230770 | 
1267529421252668 | 
1817379885575249 | 
