878220207821160 | 
1851464386243061 | 
1449242020153772 | 
1272462231647624 | 
2815741742110990 | 
1480590336977338 | 
1248558619965869 | 
2108503509911408 | 
1703073281101879 | 
2140811972990732 | 
4231460120475561 | 
26016376738016161 | 
718970907966781 | 
946409421168013 | 
1480008150402062 | 
2039545426610181 | 
2412324342540664 | 
1709921680004491 | 
4028093250824469 | 
1423909011958778 | 
1560927495167389 | 
1411862103756847 | 
1425652052672632 | 
2127757728020426 | 
1440267754139294 | 
1450735933067830 | 
1245080860383566 | 
1278242337515649 | 
34324066653906754 | 
1671164277582682 | 
2377939692722683 | 
785848951228181 | 
1676233120418725 | 
934728522535050 | 
2133082660429732 | 
1410766903606073 | 
1285260253462549 | 
823702594073367 | 
1416639402905284 | 
1945816955972306 | 
911479398524796 | 
1606776160631246 | 
968368535879590 | 
1208953694777492 | 
1447374633541736 | 
1217090987257777 | 
2609056389478879 | 
942392571722391 | 
938382808716196 | 
26129865389978183 | 
1237016907957916 | 
2349824262160098 | 
1517130743750686 | 
26252566067764370 | 
1235574508129784 | 
895929713288210 | 
2087622382034562 | 
960223776688702 | 
903975709091003 | 
2067586267127978 | 
2157097135056581 | 
1450305503468890 | 
766861509534941 | 
898964109790753 | 
1502973874872639 | 
1418317926443827 | 
1427184319139713 | 
1238477168446862 | 
1868144433860163 | 
