878220207821160 | 
1248558619965869 | 
26016376738016161 | 
946409421168013 | 
1423909011958778 | 
4028093250824469 | 
1411862103756847 | 
1425652052672632 | 
1245080860383566 | 
34324066653906754 | 
2133082660429732 | 
823702594073367 | 
1606776160631246 | 
1237016907957916 | 
942392571722391 | 
2609056389478879 | 
938382808716196 | 
1450305503468890 | 
1250519613233680 | 
903975709091003 | 
766861509534941 | 
906000035725079 | 
1418317926443827 | 
1240442074937163 | 
1666299647898621 | 
2106574493429858 | 
926379920040033 | 
3030830040641349 | 
1251415917053539 | 
1501619214897777 | 
1640725230572888 | 
1944163122846369 | 
1429384198665794 | 
24007329415630742 | 
1426572825812030 | 
1481956013443042 | 
2327170921096560 | 
1433860588091733 | 
1473418827540302 | 
1450003856729115 | 
789694063687617 | 
1445973536960362 | 
2438953433212312 | 
1139360571553432 | 
1454574936333387 | 
930214129997480 | 
1194226975929693 | 
1817373472280531 | 
900419089523554 | 
1575114470445559 | 
909847791967728 | 
908478892066129 | 
34570086495915806 | 
1536613037444043 | 
770517112456428 | 
1648551766169283 | 
1633914511079004 | 
1225933899528461 | 
932467785849450 | 
1538568500571017 | 
1445335190522732 | 
905285332206505 | 
1576865300252697 | 
1452923033291253 | 
1493132555989761 | 
931071962749629 | 
1205918524637798 | 
1995955337992675 | 
1311910924122259 | 
1234218575574585 | 
2088774188577086 | 
2136380433868512 | 
2093790648184044 | 
1848228979177781 | 
862404046550254 | 
1441508293508565 | 
1680727766626448 | 
2145111796244511 | 
1712526276788239 | 
2368048093662595 | 
1568238504465769 | 
930099459495368 | 
2321606138306400 | 
1450983879529581 | 
2793287030841532 | 
2677552415924811 | 
1530345818045556 | 
1496722421411299 | 
1788884875219789 | 
774967128237201 | 
851295734393603 | 
1208461654691312 | 
1370994781226915 | 
4082209078699202 | 
1564876774717674 | 
2650743121956486 | 
2394712967618147 | 
893853126338717 | 
1651776652855931 | 
948338011199245 | 
798997476387318 | 
922084890585612 | 
1267013991989842 | 
2303114396854866 | 
2074498600039804 | 
3517467895074587 | 
1223418232761605 | 
2048839822349720 | 
1587633212439978 | 
3302871116553015 | 
1414183983650392 | 
1509819367105891 | 
2167572850713863 | 
1988406785049918 | 
2385988875246858 | 
1950878469183471 | 
796389259494371 | 
1261887692142815 | 
1479298043122372 | 
983509867670438 | 
1281340390573755 | 
1732912911014686 | 
903568385645545 | 
1240871451485836 | 
2252088378643510 | 
1633709201156945 | 
827657163672344 | 
25517327561223714 | 
1425958979001479 | 
2108633226624906 | 
1399599278040384 | 
770218475922507 | 
1544283409976553 | 
1901576023837767 | 
1304865238189709 | 
908667748653213 | 
692877133884201 | 
914761697935529 | 
1868040047157014 | 
918692531028696 | 
1676760523480926 | 
1809148219772922 | 
1254052200159731 | 
812948061847444 | 
1412519427301635 | 
1262137079044084 | 
1162720595487524 | 
3986379178290710 | 
822779853802475 | 
1513074470329724 | 
1112113901104130 | 
1435178748315175 | 
1104390088312662 | 
1497097451380017 | 
2403160813446583 | 
1934465677487853 | 
1600212108007989 | 
1798929827451076 | 
834113259460980 | 
1337795601091638 | 
700615826086023 | 
1562586781434068 | 
4253834608206040 | 
1674394160188540 | 
1593984895252999 | 
1479547963339620 | 
2013497222776894 | 
1386764263116926 | 
2058928921531188 | 
1363110119189585 | 
4440718552920705 | 
1478217503503099 | 
2103115143553960 | 
872415638900865 | 
1930429797514198 | 
849191524681074 | 
890872493291265 | 
2499067113844451 | 
1577969569872505 | 
26250514974548306 | 
2593571994350434 | 
1400591411250920 | 
2009228880475547 | 
1158642909582570 | 
1182681610106979 | 
2343271766181905 | 
4164691490440143 | 
1831432080744923 | 
1151447313809480 | 
1370954634510098 | 
1422594495468126 | 
1169812311838767 | 
2562633790779210 | 
1363691895259127 | 
1449880019388320 | 
1494705535140720 | 
1255679383135335 | 
1206607228038749 | 
738779619244486 | 
820020864086708 | 
1230188382267231 | 
929296479596376 | 
3861485424161097 | 
1428315572277247 | 
1965903830661871 | 
1404597664593944 | 
3174464436053276 | 
1249379526918014 | 
957564387430039 | 
1675298563855818 | 
2326342057768546 | 
1602905907757857 | 
818054284107726 | 
1146587213851069 | 
3733291206802074 | 
1896506171213158 | 
927738829842797 | 
2203202540506673 | 
1519448605692778 | 
1508921226886269 | 
1310599624272208 | 
1222308766399800 | 
928650063256132 | 
1616625242831313 | 
2740277296332160 | 
868443712209557 | 
24664589533220099 | 
899112185928180 | 
1929082414623784 | 
2309190016196081 | 
1995861717858073 | 
2337005730097573 | 
963223379170156 | 
2874499226072636 | 
1478724199875452 | 
1484315632558053 | 
1354009903129772 | 
829844026455460 | 
861095389742971 | 
1857338241873397 | 
1227119016142953 | 
814006984387103 | 
3003922443277199 | 
1217793447121243 | 
2001775413830751 | 
1220877673207303 | 
1178060541139160 | 
1992770424640769 | 
1268104788669731 | 
1356531715678585 | 
1444613597011389 | 
778735911845322 | 
1585702439060256 | 
2396362940825364 | 
1330539455506526 | 
1588388052610310 | 
2049242838949207 | 
24986746307620944 | 
1026545496293854 | 
855632846888075 | 
1837094126976123 | 
882720551332976 | 
1430583001822389 | 
1982011205988964 | 
815971664610641 | 
1086683860335164 | 
1306788917038857 | 
1492299701876445 | 
2391537451367932 | 
2526176124446099 | 
4049619955252765 | 
804774558843927 | 
1681225735918006 | 
907497815321415 | 
1797656541101033 | 
1143577604533070 | 
1683701972346934 | 
1639450104131160 | 
2375590059547462 | 
24503389589295083 | 
24938385982505123 | 
590279020821683 | 
1641163076884343 | 
823448833706332 | 
1121232486578648 | 
952317707125883 | 
1535458841110384 | 
1417191893123484 | 
1361312348291211 | 
813819174842811 | 
761020426499687 | 
34159912200288836 | 
1500761794613742 | 
1260209359364280 | 
1389789082557032 | 
1511100023581553 | 
759320516809725 | 
778117021507046 | 
2463280964065426 | 
1192443172828018 | 
1791283814903489 | 
1918451832086586 | 
1168139715524404 | 
1154951566149796 | 
1746956093375964 | 
1111011573688624 | 
24983239301342665 | 
879999005040908 | 
817354294546849 | 
1410794136668118 | 
593687160462662 | 
4251847815142399 | 
1969312516940274 | 
1472949834445512 | 
1173202284964185 | 
1703202897051989 | 
2685148455153748 | 
1280624563822956 | 
1339613004305009 | 
1708256806553154 | 
1595008718289905 | 
1230150385799655 | 
1945411192985418 | 
863906719579123 | 
1685607642849602 | 
1408871960601114 | 
681508808363047 | 
1294300292558036 | 
1204978944406205 | 
751239324312724 | 
1391327868757982 | 
1189014372738270 | 
1366609797747412 | 
1489614445720588 | 
809821601935929 | 
1973281176585000 | 
1917269532212209 | 
1251436966407723 | 
1631174251533494 | 
1087693256632978 | 
817335724486141 | 
1686356829442335 | 
2253535065149349 | 
888179557003684 | 
1164632795539887 | 
4009501639267770 | 
1526407548638411 | 
1848585979398512 | 
690938400475113 | 
1671068644028002 | 
850777924476328 | 
620934131114743 | 
1228805511883024 | 
4595035287389832 | 
1204629318279013 | 
1495238188253685 | 
1530478924885410 | 
1110649810466574 | 
1416347546541467 | 
1693240211346036 | 
3380790812108683 | 
1399570284471194 | 
845421985175954 | 
896867899633741 | 
1414419170367953 | 
1204576971131009 | 
890998633562385 | 
882436814613858 | 
1579831093401751 | 
1223077716682854 | 
1162065315384889 | 
1769105650404818 | 
2701234996753734 | 
1063423385552997 | 
1200090268237951 | 
858250703893224 | 
762821016891008 | 
24542959742006007 | 
1835983083713972 | 
1318274196352664 | 
4461178857436292 | 
1247443467446570 | 
24209457205315183 | 
1750612995898387 | 
1415445247034355 | 
1956309518655738 | 
1262534459348231 | 
2020787695383973 | 
1193644272728251 | 
1149859067114865 | 
1853425375289930 | 
1298312385003276 | 
1584321719313741 | 
1928192275247142 | 
926765590302628 | 
804514549021833 | 
865584649685228 | 
954357824219373 | 
868186332704569 | 
1534201054305258 | 
1674119110641292 | 
755636243639091 | 
759620566884642 | 
1539460361244817 | 
903927052358146 | 
659873096548622 | 
914096604690231 | 
763998903129003 | 
1376731857148552 | 
3663496997118118 | 
1579545786703518 | 
1237312034565876 | 
1453888902597608 | 
1130886895843444 | 
623978304115756 | 
26548247184863068 | 
1233792682234252 | 
2262986904168073 | 
3290815854416243 | 
1004334632759887 | 
1661075707929810 | 
738949288955211 | 
838169895933332 | 
5080703695488527 | 
1370434714862315 | 
1772412560102593 | 
886745520848333 | 
795850403452758 | 
763080706168168 | 
2178485605892779 | 
1163588222411698 | 
1347977236851566 | 
1090040326595241 | 
1409115663639668 | 
836258316090460 | 
919013927687998 | 
1509117093743925 | 
728663943632500 | 
1869840960329447 | 
2191241801345502 | 
1685830395734182 | 
1448620149661360 | 
3057751114419527 | 
1573614350274614 | 
1318647272921897 | 
1803953006974827 | 
607593722344527 | 
4430920123897382 | 
1551154775992244 | 
1723704841679705 | 
24575027775516568 | 
3371048213051697 | 
25675181062091807 | 
2571647643210152 | 
26233034802997830 | 
1923146251811431 | 
753734807631834 | 
791648576851057 | 
939648305390092 | 
1257445593149374 | 
2062908317886570 | 
2581873142156137 | 
1651847742906971 | 
1208018231419425 | 
934867358870434 | 
937792495281387 | 
4176781009261473 | 
1976483716469919 | 
1986944245402390 | 
2706680126374454 | 
1571595447184981 | 
643945068729372 | 
2229578397847012 | 
1311688606953185 | 
1676014143056550 | 
1733200740889982 | 
3418845218264560 | 
762095946919915 | 
1401104438696504 | 
2380728195687859 | 
1509963990556895 | 
702543842450466 | 
1485285996511669 | 
766185426491693 | 
1987865935120854 | 
1392563989282370 | 
1480053650347600 | 
754831833841390 | 
4478024582477568 | 
1961010847959246 | 
723078700724507 | 
1329058729233799 | 
1494187629045047 | 
1342514976738748 | 
1550166633057633 | 
786572567166929 | 
801656929389227 | 
1496820831316332 | 
1163209712450848 | 
1468922194366679 | 
792803747175404 | 
1409995207406143 | 
1891353271496723 | 
2351974845205950 | 
2145275722875256 | 
1171177338502442 | 
808491738675314 | 
1372013108061074 | 
871175345301141 | 
1117806889806440 | 
1449471536293063 | 
1412102919994520 | 
898274129285781 | 
1346029290212550 | 
941018441632493 | 
1087832213022403 | 
1431165455340417 | 
1236216844682049 | 
25680248611596840 | 
842702948184762 | 
1476162807634459 | 
1180991590624646 | 
1491968661799232 | 
3362877913878801 | 
1569581037476943 | 
1864199124263954 | 
753290264327307 | 
1441230710777608 | 
1893955571447567 | 
1161507318860576 | 
1538640257280951 | 
1248015124094219 | 
929348819559433 | 
1194529328722206 | 
1126782715939621 | 
1478396366758964 | 
1049935700597231 | 
1200442458415303 | 
25956667967294913 | 
3124321921081266 | 
1540003170710791 | 
1473539900450281 | 
1816443522381466 | 
904324685515715 | 
1284871646623399 | 
2057870531659020 | 
2090112685095824 | 
1624918778816036 | 
1189340383251453 | 
889013843731745 | 
1956378071973369 | 
2085759742188172 | 
909794455292161 | 
1227066482365061 | 
1187509439851813 | 
1569559657606626 | 
1457780219377863 | 
1993007821509418 | 
4613182098913702 | 
3534503340022966 | 
1603046074218866 | 
742328495535226 | 
1536711917528703 | 
1339868787903719 | 
1473721837448300 | 
831827349369328 | 
1745681366375158 | 
1475366431265155 | 
2125453078240438 | 
24387287234277040 | 
1654428018609995 | 
1377551924176074 | 
2590536921301051 | 
785994980825468 | 
2293706287752738 | 
1684910176255245 | 
713419578441664 | 
1225326549055852 | 
1790367945023466 | 
4004146469878776 | 
1296433575386293 | 
752269240809800 | 
1291803969393189 | 
656148850141494 | 
1542071580222216 | 
1547377013188344 | 
1642751967150762 | 
1180231010949506 | 
744807528718214 | 
1219588796994948 | 
2139896183413756 | 
773456295801333 | 
939805165231996 | 
777016641728299 | 
1735845010654349 | 
1226872859110406 | 
1899428030694754 | 
942809074998068 | 
792985697171255 | 
1565820874851536 | 
858542090338166 | 
748819624613545 | 
906365739062991 | 
794107380384668 | 
1241620327143975 | 
1076787007280528 | 
902170479408279 | 
1452405059765655 | 
2194354728034958 | 
1235911115294165 | 
1880105499295483 | 
1181599570736500 | 
1840554893432621 | 
1380730220149079 | 
1343488894481620 | 
1531116608148070 | 
1654057095840322 | 
2040729243162649 | 
598716363277814 | 
